1024
-448
-128
1088
3584
13504
20928
13760
3264
-12608
-11520
-5760
10304
11584
1920
-1216
-1024
3840
4416
3648
-576
-1920
-1920
-1600
-1152
-1088
-1600
-1792
-2176
-960
384
896
1792
1408
1280
1088
1664
2240
2176
1856
1344
576
512
128
-896
-1408
-1472
-960
-1152
-1024
-1088
-192
1280
896
384
128
256
-384
-640
-512
-1088
-768
-64
320
896
2624
3328
3072
2304
1728
-640
448
2624
3200
640
-2304
-2112
-384
-256
1152
2112
2880
3328
3264
3712
4096
2368
1856
2048
1984
2176
2240
2240
2368
2240
1984
1728
1664
1600
896
1024
576
-256
-640
-512
-192
-320
256
448
-128
-640
-640
384
640
1024
0
-64
576
1408
1408
1536
192
1088
1536
2880
2944
2752
2240
2304
3840
3200
2496
1856
1152
1984
1472
640
256
-128
192
-320
-640
0
192
512
2112
1984
2944
2752
3072
3328
3584
3328
2112
1728
3136
2624
2048
128
-64
-256
896
1856
1728
1664
2432
3136
2304
2240
2048
2048
2432
1472
1088
-576
-1152
-1088
1920
2112
1472
1856
640
1792
1728
1536
1536
2048
-320
-512
576
2432
2496
3136
1216
2112
4480
4928
3904
1984
-64
-896
1024
1600
1472
1792
3072
3200
2240
2112
960
2048
-1664
0
1792
1280
1536
2240
2816
3456
4992
4544
3328
1664
2816
640
-704
192
1536
704
3328
2432
1344
-384
-960
832
1408
1792
1344
3200
2368
4736
2432
2880
2624
256
-640
-704
-1664
832
1600
3584
1984
-1600
1280
-384
640
768
1024
2048
2368
3648
1472
-704
640
1600
2112
2624
192
2752
3392
1792
-128
-64
1408
3328
-128
576
1024
-3776
-3200
-2880
-2624
-1024
2112
2368
3264
3776
5248
2432
512
2432
1344
4096
3008
1728
1472
-1088
-2624
-768
-1088
1536
4160
2432
3840
576
-768
1728
448
320
2752
2240
-1536
128
-192
2624
1792
3072
448
3328
-384
768
2304
3776
5440
4608
3712
-1216
-1728
-1216
1600
1344
1472
1344
3904
256
-192
2688
640
3968
5504
3904
-1920
-1728
-1088
-2560
768
1792
-384
768
1344
3776
1792
-576
1408
3840
2048
-1536
-2368
3648
2432
384
-1216
384
2176
3392
3328
3392
1984
1600
320
64
2176
320
3584
960
-512
-1216
1920
5632
4480
5312
256
-1792
-1152
960
2368
256
-1472
-3008
-2176
512
2816
2240
4352
1472
-384
-1152
448
4352
640
-2048
-1280
-960
3648
5056
5376
-192
448
-640
2496
-1600
-2304
-2368
1216
1408
1600
3584
2368
2176
-384
-448
2496
6144
5504
640
2368
64
-128
-2112
-1344
-704
448
64
-2816
-3456
-3776
-3456
2048
4416
5568
768
-3200
-3712
-1216
2560
-640
1024
-640
3072
704
1984
-1216
2688
-2624
2560
1024
1920
1728
1408
2304
1024
3264
2688
128
-3200
-2112
2432
4352
2176
5248
5312
768
-2688
-1024
-1152
5952
6272
384
-2432
-256
-64
-896
192
3584
2688
640
-1152
-1920
3008
1600
3584
-1600
-832
1472
-512
-4224
-960
-2240
-128
448
2560
192
-1536
-2240
2944
6208
4928
2560
-1728
-1088
4928
3712
832
3072
960
-768
-1024
64
704
-256
1536
-2432
-1600
-2496
1600
320
3648
3776
3776
3008
-3648
-4864
-2944
192
4224
4672
1920
3200
1664
1152
2240
4480
2688
448
1408
1984
3520
4864
1664
512
448
-2176
-2176
-5504
-3904
-1920
2368
2496
768
1600
-3264
-4416
-2368
-1216
1728
-2560
-64
-2752
2688
2176
2816
960
1600
-2432
2688
576
-640
1472
4160
3456
192
-64
-192
4352
6400
-128
5056
2880
4160
128
-704
-2304
448
6912
512
1344
-1536
-2560
-384
3072
2240
-1088
2304
-2240
-1472
-2432
-832
0
1216
-960
5120
-640
-640
1344
2368
4032
1856
2816
2112
-320
-64
-704
3072
3712
1664
2048
-512
-3712
-2816
-1088
1728
3584
1024
-1280
-3712
-3264
-3904
2688
2752
448
896
3392
2752
576
6400
4544
256
-896
1088
-1280
896
-1664
6656
4480
6016
7808
3840
1024
-1408
-2368
-1152
-2176
-1920
-896
3648
-64
-4672
-1600
-320
384
2752
2432
-1088
-2944
-2048
-2240
-2624
1728
128
0
-320
3200
2752
-2112
-4160
-7424
-5952
-2944
960
896
4288
10048
15808
6976
-4480
-1792
-3136
-6848
-448
-256
1152
2304
6720
9216
576
-256
-1280
-3200
-1408
-1152
-640
-2688
64
-1856
-1920
4672
1664
640
1088
4160
3904
-1088
-3904
-4032
-5632
4864
5376
4992
-3200
-2112
-3968
-2560
-4864
-3328
-5440
-5696
7168
13952
10176
-2880
-6400
-7168
4160
10624
10496
-832
-3648
832
5248
3840
5824
896
3008
3264
5376
5824
2176
3264
-1664
-6720
-1856
1472
-3776
-5120
-6976
384
1408
1984
-3712
-4224
-64
-3136
-1536
-1088
512
-960
960
5248
6208
1152
4992
5120
1984
2880
-2624
640
-3648
-1600
448
7616
832
9216
-3840
-384
-2624
-3648
512
7488
-1088
-1984
3072
2880
-3520
1152
6272
4032
6912
3136
768
-256
1792
2944
8064
-1536
-1856
-5248
-2688
-1920
-2688
-2624
-3392
-4544
-3520
-4352
-3072
64
5184
3456
-512
12992
1664
704
-256
-384
2560
-4544
0
7488
10816
12992
12032
-2944
-9216
-2432
-2752
-448
3072
1664
4992
1664
-6656
-11136
-10496
896
6400
20928
4608
704
448
-8448
-12160
768
704
128
640
1408
-5760
-5376
-4992
-512
1856
3008
7424
5888
4608
-1984
-6400
1216
3392
24192
4864
-320
-1664
-640
-1984
448
6592
960
-1600
-4224
-5568
-768
3456
4608
768
-3200
-1984
-3008
-6080
-5376
-1216
7680
8512
6400
6080
384
-1024
-8768
-1344
-832
-5696
-5184
-3072
-7104
-8512
0
640
9728
-832
1024
10816
12608
0
640
1408
13376
9344
2752
1344
-2368
-960
1984
-1664
-1792
3328
4224
-8640
-9472
1600
-1600
-3200
-3072
-1792
-2432
2880
6976
4352
1920
1152
-960
-320
192
-640
6592
10624
9600
1600
3520
-512
-1344
-3072
-3712
-6592
-5952
-6848
1216
2560
3200
320
512
256
1728
3520
9280
4800
5184
1856
1088
-512
896
128
6016
6848
4928
-3584
-7744
-15680
-14144
-13696
-5440
-5376
-1984
-1472
-1280
-320
-768
1152
5248
6208
8000
18176
10304
-192
-704
-640
8896
6336
2752
-13056
-8128
-1088
-1088
14080
-5952
-5888
-7552
1536
9536
13120
4416
-320
-640
-5184
-11712
896
1216
256
2368
-256
-3264
-3904
-5632
-8320
-4800
0
1024
-128
384
2304
3648
4608
2048
768
5504
3136
2944
-128
-1536
-3968
-4672
1536
3904
3200
2368
1280
-5824
-3392
832
1664
4800
7808
6016
5440
1600
1216
1024
-6592
-8832
-13248
-10112
-3008
1536
-3328
-7744
384
1024
2944
3776
5696
18368
12416
8128
2048
1728
2048
2048
2496
2752
768
512
-1664
-3712
-7360
-7360
-4608
-128
-1664
-256
1408
-320
2432
192
576
-320
3008
1216
1472
2304
1664
2368
832
1408
-2304
-2624
-1472
-5760
-5568
-7040
-1600
-384
1024
1280
192
-1088
3392
12800
19968
1984
2304
1664
1984
1920
4032
4672
1088
512
1024
-3072
-2240
-6080
-8512
-9600
-12352
-1984
-640
-1728
-6912
-3904
-832
2816
4608
3584
1792
3584
2624
2624
6720
3264
64
-2816
-64
-64
1664
1664
704
-6080
-4032
1280
4416
5184
4800
3520
2752
1536
2368
512
-4096
-3776
-6272
-5632
-5376
-5248
-6016
-3136
-3456
-384
-320
1024
1536
768
1408
4160
2112
3712
3584
3584
2112
-768
2816
3392
3264
-320
-3072
-5312
-5952
448
2240
960
3776
7104
3904
384
320
640
-9152
-11648
-1728
704
320
-832
512
-4224
-1856
576
3968
6400
7936
15872
6016
4800
-384
-256
-448
576
832
960
-1664
-256
-7424
-4672
-1792
64
960
2688
-2368
-1600
-1664
1664
1792
-1536
0
192
-1216
-384
-128
-896
-2432
-5120
-3584
64
-2944
-3072
-3904
-320
-3072
2304
15872
-5184
-4416
7360
12096
-384
-1664
-512
64
3072
2560
-128
1216
-1600
1344
2176
640
-2304
-3904
-7296
-7424
-6336
-7680
-5632
-2304
1664
8640
14656
1280
448
-2944
1984
2496
9792
7744
-1152
-9088
-6848
3968
15872
1024
-2304
-8704
-10368
960
5376
6976
8768
-192
-5888
-5440
-8576
-6528
-4672
1408
-1472
-3200
-3008
-3520
-4928
576
2304
-704
-1024
-1856
1088
-384
-64
1472
4480
3200
-512
-1216
14208
1984
-512
-12224
-5184
2176
18112
14848
-8320
-5376
-3520
5888
9344
256
-128
-4288
-11264
-3072
-1792
-4480
-1088
384
-64
-4288
576
1728
9408
7936
-320
3136
3456
4928
4608
3200
-1600
-5184
0
-1088
-2112
-2560
-6464
-1216
1920
0
4416
9216
1088
-4736
-6784
-5696
3328
3328
2752
1344
-512
1792
1664
0
-10496
-14144
-5760
448
-3136
-3456
1280
-1792
-1792
22784
12224
1792
8192
4736
2240
2176
5248
3648
2560
640
-1408
704
6080
7296
1280
-11392
-13824
-13120
-12352
-13248
-7040
-3264
-2688
-832
192
5056
7296
9216
8896
2752
2112
9984
-640
-3840
4288
5376
3328
-2368
-1216
-3776
-2880
-640
6656
10304
1152
-1472
-8000
-13184
-1472
4032
3904
3008
-768
2944
2304
-576
1536
1408
-1600
-4544
-7808
-7168
-2816
-4864
-5248
1152
-512
-1088
2880
2752
4288
4032
5952
5760
6080
7680
2240
-2560
-7552
2112
1984
1728
128
-1600
-8960
-6720
-7680
-4160
192
7360
2304
-3264
-4480
-64
5184
4800
3328
-1088
-3840
-4608
448
3200
6848
9152
8192
3392
5312
-960
-7168
-2624
-1344
-192
-1920
-1472
1216
-320
384
2048
1600
1280
2112
512
960
960
1280
576
-640
-5568
-4096
