-576
-3136
-2944
2496
-3520
-4608
-2816
-1088
640
-3712
-3136
4672
5824
5696
4480
5056
8384
8512
5376
4160
3968
4736
704
-1024
-1472
-896
-768
-2432
-2816
-2368
-896
-896
-1344
-2240
-2432
-1024
-960
-896
-512
-192
-128
-448
-1472
-2240
-2944
-2752
-2816
-2816
-2880
-2048
-1536
-960
-1152
-704
-384
0
192
960
1088
-128
-576
-832
-1024
-1472
-2112
-2624
-2304
-2112
-2112
-1984
-1984
-1792
-1600
-1664
-1728
-768
704
1792
1216
704
1280
2112
2304
1024
192
-384
-768
-1024
-1216
-1344
-1280
-1216
-1408
-1600
-1600
-1984
-4800
-5632
-2304
4480
6784
7552
7040
5312
-3584
1280
5504
4608
4160
4032
3840
3584
3776
3200
2752
1984
1600
1536
1280
1216
1344
1088
960
640
192
-128
256
256
192
448
704
1344
1472
2176
2368
1984
2304
1664
1472
1536
1152
1216
960
896
704
448
384
576
128
320
576
576
0
512
704
832
512
1600
2496
2944
2368
2560
2624
3392
2048
1152
832
1472
3200
960
640
1280
640
960
1600
2432
1536
1344
1216
2560
3328
2496
2496
2368
3328
1984
832
512
192
832
1472
2816
2432
1728
1792
1664
2624
1728
2496
1024
384
0
1024
-832
-64
1984
2432
2496
2240
3008
2944
3264
3392
3136
2432
384
-1152
-896
192
896
1600
1280
1536
2560
2240
3648
1792
1088
1088
1344
2368
640
576
-576
-1344
-128
-448
768
-384
-576
768
320
896
1216
1344
1408
1664
2816
1984
2176
1984
1984
1088
1856
1472
1472
2112
2176
3072
1792
1472
576
-128
64
-576
-576
-448
-576
-640
576
640
512
832
192
896
896
832
2240
1856
2752
704
1152
-192
1600
1152
1344
2112
1536
-64
-512
128
384
1344
1216
1984
1472
2880
3904
2624
1984
2240
1664
3072
704
320
-640
-256
-1344
-384
640
-128
128
2048
2752
2944
2176
3008
1600
1856
3072
3392
2496
-1216
-384
-576
896
192
2112
2240
2688
-768
256
960
576
1280
1664
2048
768
1664
192
1152
-128
2048
3968
2240
-64
1024
704
-832
832
896
576
2176
1216
1600
2752
3200
256
1408
448
-960
-1664
192
576
1280
2240
3392
-256
320
384
1600
1728
960
-1664
-1408
-448
1472
3008
2176
960
-1152
-64
-2176
-1280
-128
-576
-1536
-2624
-3136
-448
1216
2880
3200
3008
1664
128
768
1024
2176
1920
960
1600
-512
384
2688
3200
1920
2304
1792
4096
3904
2240
1600
-1088
64
-192
-896
832
1024
256
832
3008
3520
2304
2304
960
-64
320
704
384
-1152
-3136
-1088
-1856
2048
1152
-1216
-768
-2176
832
768
1344
256
-1792
-1216
-832
832
1792
1856
384
768
448
-512
1792
2176
1728
1664
3264
3520
1408
3776
3968
4352
3392
1856
320
1280
-1664
1024
1088
-384
-384
-384
768
2560
2816
960
512
-512
-1984
-3072
-3904
-3136
-896
320
512
128
576
960
4160
3456
2432
-448
-1152
512
1344
320
3392
7104
5888
4352
4288
2432
1920
5248
3200
3328
3008
384
-1856
-2368
-4736
-3136
-3008
-3968
-3008
-3328
-1536
-1216
-1536
-640
-448
64
128
-576
-384
-256
2240
384
2304
2048
2944
704
1536
1024
1984
2880
4608
4352
3968
3840
4864
3776
3968
1536
2048
384
2624
1536
1088
-2176
1280
-128
-1600
-1024
-1472
384
576
896
-1728
-1216
-384
-1472
-2304
-1024
320
0
384
768
2048
1984
3008
1536
1664
1664
192
-448
-1600
-1024
768
-576
1600
-256
384
-128
3136
4480
5952
3264
2240
704
256
-128
1344
1728
2496
1280
2176
-1920
-2304
-4480
-2496
-1856
-2368
832
128
1024
832
1024
1472
2880
896
3072
1344
1984
-768
704
448
5248
7424
3520
3008
-960
-2304
-2432
-1216
-704
-256
-960
-2624
-1792
-3392
-3392
-4160
-4224
-1472
-192
1024
-896
-640
448
-1536
-1536
448
1472
3584
2752
3200
3072
2432
6016
4416
4224
3136
1600
1728
4480
128
1088
192
1024
1344
-1216
512
-2240
1472
1280
-64
-1920
-1408
640
896
-1344
-1344
-2624
-896
-3520
-1280
-768
-1152
-192
-1216
-128
320
3072
3072
3008
2944
3200
2944
2816
1472
3072
2048
1792
2048
-576
-1280
-1536
-3968
-2816
-1216
-1920
-1536
-1728
2496
-1600
3072
5248
1216
4928
5952
4544
1728
3840
7488
5568
3968
256
-2048
-1408
-3392
-2880
-3392
-3968
-3520
-2240
-2496
-2368
-1664
-768
1728
-1152
-1344
-1088
-1664
-512
-512
-64
3136
1600
1152
1856
4160
3904
3584
832
704
-2240
-1216
-704
-768
3904
1472
640
1152
1728
-384
3008
576
768
256
-256
576
2752
3840
3456
1600
1088
64
1344
-2880
-2048
-1024
-768
-1280
640
1088
896
704
2048
1600
-512
1344
2368
-384
-2176
-5440
-512
-3456
2176
64
-9024
-768
3328
2560
0
-896
1280
192
3520
4416
5888
4160
1536
1216
2304
4480
5568
4864
3136
384
-640
-1664
-2624
-4672
2176
-3072
-8704
-12736
-6336
5824
7424
5056
3776
1344
1600
704
256
-1536
192
3648
3072
3840
2304
3328
-192
768
1792
2816
3584
1920
4416
256
-2880
0
5312
4544
-3904
-4864
-7360
-5760
7040
4224
-1344
-960
-640
1216
-448
-448
-192
2368
5824
5248
3072
2496
-128
-896
192
-2560
-1600
-1024
-1920
-11328
-5376
-10688
-3328
-2304
-1920
7424
8000
3968
3904
8704
12480
9600
3776
5248
768
-1344
-8960
-6272
-896
-1088
-512
-768
-2432
-6144
2560
3520
-1344
-2112
704
-64
-2752
-4224
-960
-2304
6464
2112
1344
1216
-1152
-576
-5248
-3200
-512
576
3584
5760
1536
1152
1600
-256
1088
3200
6336
6144
0
-640
4480
6464
3072
64
-10176
-14144
-10496
3392
5248
4288
3904
1024
3776
5824
7360
576
1600
960
-7872
-12032
-2816
-2496
1920
-1088
-3456
576
2752
4416
3200
1344
1152
5824
6144
3136
7744
9664
3392
8256
2240
-448
1344
-3648
-4992
-2560
1536
-128
-6976
-6080
-6144
-7488
-2880
256
12672
7680
-256
-3328
-3520
-5696
-4352
-1600
320
1408
3520
3072
128
-192
2816
-1152
4160
4352
320
-64
960
-448
-6848
-6208
-1920
256
-1152
-2304
-1792
1344
6272
10048
6272
320
-2304
3008
5760
0
-5056
-5824
-3072
-832
704
384
-1024
-12864
-13568
-5376
64
640
-1344
256
9216
8064
2176
2688
-896
-640
-256
-7232
-5504
1344
-2112
-3904
3712
1088
-6272
5376
1920
-6784
-2048
-4608
-640
-2880
-4608
-640
-1088
-1344
-2048
1280
192
-768
-3648
-2560
-1344
4544
3776
2624
-3328
640
-256
-3584
-4992
-3520
-2432
2304
-768
512
-1088
-3328
-6208
-1216
-2432
3776
6464
4480
3392
4928
2048
384
4480
3264
1600
-4672
-8832
-10624
-5248
-6016
-6080
-960
-384
-576
1472
3008
0
3584
2560
-960
2432
2560
5248
4480
320
7616
7680
-704
-3136
-1856
-1984
-1088
-6272
-4288
-6528
-6080
-3136
1152
448
-6656
-6592
-4800
3712
4608
2368
-2240
-6272
-5888
-4032
-128
-4480
-4736
-4096
-320
3392
7872
8256
5248
7168
7296
4608
2560
-4736
-4672
-768
-512
-6144
-8384
-9216
-4672
4928
6016
-2688
-6400
-4096
320
-4800
-6272
640
640
-576
-3584
-5120
-6464
-3392
-1536
640
2944
2688
6208
4992
5376
6528
2624
9984
8256
3712
-384
-5056
-8896
-9088
-4736
-3776
-3776
-2112
-2816
-2944
4736
512
-2176
-3520
-320
3712
4032
4352
7552
4864
-832
-2112
-2240
-192
-6656
-10112
-10240
-9536
-6784
-1792
-1152
2304
3968
4736
4160
-768
5824
3776
5120
4224
5120
8192
8512
6272
-192
-4480
-6464
-6272
-4672
-1408
-3840
-4800
-4416
2240
1472
6912
3392
768
-1664
704
3648
-6208
-5376
-5440
-5504
-3200
-2432
-1280
-2112
-832
-1088
256
-384
512
4992
4288
4288
8384
7232
1600
2688
-448
-1024
2240
3776
-5568
-6080
-5120
-3648
-2944
-512
1280
576
-192
-3200
-2176
-576
64
-1536
-512
-2304
-1920
-320
-2432
-2112
-1920
1792
3072
576
5184
6080
4800
2496
128
3904
2304
512
-128
-5184
-5952
-4928
3264
2240
1472
1408
-3584
-3904
-1344
-3072
-1792
-1920
-128
-1024
-1536
-1152
-960
-640
192
2432
3584
192
-256
448
3136
3712
-384
2944
4480
-384
-9280
-5696
640
-3200
-5568
-448
2624
-1728
-1472
-2688
-384
64
704
1152
5376
6912
5440
1600
-2112
-1984
1024
512
-2560
-3584
-5696
-4544
-4032
-2816
-2752
-2112
-1344
1536
2368
2304
6400
4224
9984
7296
11968
3776
3712
-896
-6912
-8832
576
-960
-5056
64
4160
3008
-3136
-2368
-4544
1984
2688
2304
-1664
-2560
-4736
-4288
-1728
512
64
896
640
448
-576
-1856
6400
2624
7488
4032
2240
1280
1536
-384
128
1600
-2240
-256
-3520
-3712
-5824
-3328
-1728
640
3072
-128
1216
2304
3328
-256
704
-640
-448
192
-1280
-3648
-704
-4864
-3712
-3584
-3904
8576
7936
8192
6144
6784
8768
1216
192
896
-64
128
576
-1280
-5952
-5952
-2880
-4608
-4224
-5568
-4544
-4224
512
1536
-128
-3392
-3648
-2048
0
5504
7360
12032
7680
12736
8256
2368
-3392
-3648
64
-3456
-2496
-4736
-1792
-4672
960
3200
2368
3904
128
-1728
-5568
-704
3328
2560
576
-1792
-64
-1344
-256
-3584
-3904
-2496
0
-4608
-3072
-896
-1152
-1280
-896
-448
1920
2816
2944
6784
6336
1600
4544
8896
4160
-192
-3264
-4544
-1856
-320
-3328
-3520
64
1728
2816
4736
5504
6080
4224
5312
-5056
-5120
-6848
-5760
