31680.0
12352.0
-23552.0
-15296.0
5568.0
8832.0
7104.0
-5440.0
-6144.0
-4416.0
-64.0
-384.0
-3520.0
-4608.0
-3456.0
576.0
2688.0
7552.0
12800.0
8768.0
10304.0
13504.0
13504.0
8320.0
3200.0
-3264.0
-8576.0
-3904.0
1856.0
448.0
-2112.0
-4672.0
-3712.0
-1728.0
-2368.0
-3840.0
-2880.0
-1472.0
0.0
192.0
-64.0
-384.0
192.0
128.0
-192.0
-640.0
-1152.0
-1728.0
-1536.0
-1280.0
-1088.0
-704.0
-640.0
-512.0
-896.0
512.0
2112.0
2880.0
576.0
-192.0
1344.0
1856.0
640.0
-896.0
-1024.0
-1408.0
-704.0
-512.0
-960.0
-1472.0
-1856.0
-192.0
128.0
256.0
-128.0
-1856.0
192.0
128.0
1280.0
3264.0
3712.0
3712.0
3968.0
4480.0
6208.0
4672.0
5184.0
5952.0
6976.0
8192.0
8256.0
8448.0
3968.0
4544.0
4672.0
3648.0
2688.0
1408.0
1088.0
384.0
-320.0
-192.0
576.0
-64.0
384.0
192.0
-128.0
64.0
-192.0
-320.0
-192.0
0.0
0.0
-1344.0
-8000.0
-5952.0
-2304.0
-2688.0
-1664.0
1728.0
1728.0
2944.0
3136.0
3136.0
2432.0
2624.0
1792.0
-128.0
-128.0
960.0
576.0
-384.0
2112.0
1984.0
1728.0
-832.0
1600.0
2304.0
2816.0
3136.0
3520.0
3520.0
3456.0
3328.0
1792.0
1792.0
3264.0
3008.0
1984.0
1728.0
1792.0
1344.0
192.0
-1216.0
576.0
1024.0
1408.0
1728.0
1728.0
3136.0
2752.0
2752.0
3392.0
3584.0
2560.0
1792.0
960.0
192.0
128.0
768.0
1856.0
2304.0
1856.0
1728.0
1856.0
2560.0
3136.0
2688.0
3072.0
2752.0
3072.0
2368.0
1088.0
-384.0
1344.0
1344.0
1664.0
2432.0
1728.0
3328.0
2432.0
3136.0
832.0
1536.0
-64.0
-2176.0
-1600.0
768.0
1024.0
1152.0
2048.0
2624.0
3648.0
3456.0
3264.0
2624.0
768.0
-768.0
-1856.0
-704.0
2560.0
1856.0
1408.0
2752.0
3776.0
3968.0
2176.0
1728.0
64.0
-1408.0
320.0
320.0
256.0
704.0
-128.0
960.0
768.0
1536.0
1728.0
-640.0
768.0
960.0
2560.0
1984.0
3712.0
1792.0
3520.0
320.0
-1792.0
-448.0
2304.0
3264.0
1024.0
1152.0
3392.0
2240.0
3072.0
2240.0
1536.0
384.0
2240.0
4608.0
4480.0
4480.0
3712.0
2304.0
-512.0
-1344.0
-448.0
512.0
2240.0
2112.0
-768.0
-1280.0
-256.0
-256.0
-1088.0
-320.0
3520.0
2368.0
576.0
-1792.0
1024.0
1280.0
-384.0
2368.0
1408.0
3520.0
1088.0
2496.0
1920.0
896.0
1728.0
1280.0
1280.0
1472.0
768.0
1984.0
5184.0
4416.0
-960.0
640.0
-2688.0
-960.0
-2240.0
2240.0
768.0
64.0
-448.0
-384.0
-320.0
2048.0
3712.0
3840.0
5248.0
3520.0
3968.0
2880.0
3328.0
2176.0
3904.0
4416.0
3392.0
832.0
-1472.0
0.0
320.0
-576.0
-1024.0
-1408.0
-1856.0
1344.0
2944.0
3200.0
2112.0
1024.0
-1344.0
64.0
1088.0
640.0
-768.0
-3584.0
-2048.0
1216.0
-832.0
-640.0
1600.0
1856.0
3072.0
3264.0
1152.0
2944.0
1216.0
896.0
3136.0
2368.0
1472.0
128.0
576.0
-960.0
192.0
2624.0
2944.0
3392.0
1728.0
2752.0
128.0
-1664.0
128.0
1920.0
2176.0
576.0
896.0
960.0
2304.0
2752.0
4160.0
-1344.0
1088.0
1024.0
2176.0
3968.0
5248.0
2432.0
320.0
3136.0
5568.0
3648.0
1408.0
2944.0
2432.0
320.0
-3712.0
-5440.0
-4672.0
-3008.0
-1408.0
320.0
2432.0
1600.0
320.0
1472.0
2112.0
2688.0
2880.0
640.0
1472.0
512.0
-1408.0
-3520.0
-4736.0
-2560.0
896.0
2368.0
2560.0
1792.0
1664.0
3328.0
5696.0
5120.0
3072.0
1152.0
-1664.0
-1344.0
-192.0
2176.0
640.0
1088.0
704.0
2432.0
2560.0
-576.0
-2176.0
-2240.0
-1536.0
2496.0
2624.0
2752.0
704.0
896.0
2240.0
3520.0
2752.0
2624.0
-1664.0
-2688.0
-1728.0
1152.0
576.0
-256.0
1408.0
1792.0
704.0
704.0
-320.0
-320.0
320.0
1472.0
1664.0
3072.0
2560.0
2624.0
2688.0
2368.0
1984.0
256.0
320.0
192.0
2752.0
4672.0
2368.0
192.0
0.0
896.0
1920.0
2176.0
2432.0
-896.0
-256.0
-832.0
-256.0
-1600.0
-256.0
-1024.0
1024.0
128.0
-2368.0
768.0
1024.0
320.0
-1280.0
-1408.0
-2496.0
-384.0
-1536.0
-3648.0
-2752.0
128.0
640.0
1920.0
448.0
-576.0
64.0
2304.0
4288.0
4672.0
2880.0
3904.0
2944.0
6912.0
4736.0
2432.0
3456.0
1728.0
-512.0
3136.0
-960.0
1856.0
4288.0
5440.0
1088.0
-2048.0
-3712.0
-3520.0
-1088.0
0.0
-64.0
-2496.0
-2816.0
-3264.0
-2240.0
-768.0
64.0
4160.0
3264.0
-896.0
-2816.0
-2560.0
-1408.0
1536.0
5312.0
3840.0
1344.0
-832.0
-2880.0
-3328.0
-3456.0
3456.0
5568.0
6016.0
1792.0
-1792.0
256.0
-1088.0
320.0
2240.0
2880.0
2240.0
2368.0
2240.0
512.0
3968.0
-192.0
0.0
-2752.0
-2304.0
-256.0
2176.0
4352.0
3776.0
3136.0
-3264.0
-4288.0
-4608.0
-4224.0
-3264.0
-2112.0
-64.0
4992.0
6208.0
4160.0
8576.0
8512.0
7104.0
3008.0
4352.0
1280.0
1728.0
576.0
-448.0
1344.0
1408.0
2176.0
1472.0
-2560.0
-4736.0
-4864.0
-3456.0
-1984.0
-192.0
-1088.0
-2880.0
-2304.0
0.0
-320.0
-2432.0
-1856.0
-1344.0
-1152.0
-1088.0
-1472.0
832.0
2432.0
2432.0
320.0
-1344.0
-512.0
4160.0
5568.0
7808.0
9088.0
7232.0
0.0
2368.0
3392.0
4160.0
1408.0
-448.0
1856.0
3456.0
1920.0
-896.0
-3264.0
-3456.0
-1792.0
-896.0
-192.0
-960.0
640.0
-1600.0
1536.0
1216.0
2240.0
-1600.0
896.0
192.0
2304.0
-1408.0
448.0
-3264.0
-576.0
-1152.0
-2688.0
-2944.0
-1856.0
576.0
512.0
-512.0
-1024.0
-320.0
1856.0
3328.0
2176.0
3136.0
4864.0
7808.0
4288.0
-576.0
-1472.0
-1344.0
-5504.0
-3968.0
-3904.0
-1088.0
-960.0
2048.0
-2112.0
-1536.0
5184.0
3648.0
4608.0
2560.0
3008.0
-256.0
-384.0
704.0
256.0
-640.0
640.0
3648.0
4736.0
5056.0
3136.0
2688.0
0.0
2432.0
4544.0
6400.0
3456.0
-3584.0
-5696.0
-7552.0
-9856.0
-8896.0
-5120.0
-7296.0
-5568.0
-4864.0
-5056.0
-3904.0
-1856.0
2112.0
3328.0
4928.0
7104.0
12544.0
11136.0
9600.0
4032.0
3200.0
4352.0
6144.0
384.0
2752.0
1856.0
1984.0
-512.0
-1984.0
2560.0
-256.0
1344.0
5760.0
2560.0
2432.0
-5760.0
-6592.0
-4480.0
-2176.0
-832.0
-128.0
-3200.0
-1536.0
-640.0
-896.0
2240.0
-320.0
-2624.0
704.0
2816.0
-128.0
3264.0
1600.0
-2176.0
-512.0
-1216.0
-3648.0
768.0
3648.0
-768.0
-960.0
-2368.0
-3584.0
-3584.0
512.0
1344.0
64.0
5120.0
-448.0
-5120.0
-3456.0
-1408.0
-4480.0
960.0
8704.0
9792.0
11264.0
6912.0
2368.0
-960.0
8960.0
4032.0
448.0
1024.0
-2112.0
-2048.0
-3840.0
-5568.0
-4544.0
-2880.0
-3008.0
192.0
1792.0
-3328.0
1024.0
-128.0
1088.0
0.0
-1344.0
-4480.0
-4032.0
-4800.0
-3904.0
-1536.0
-192.0
-3456.0
64.0
5952.0
7872.0
512.0
384.0
2112.0
-64.0
1856.0
3392.0
2368.0
1664.0
4160.0
2368.0
960.0
960.0
1664.0
1152.0
704.0
-768.0
-1088.0
1344.0
3072.0
3200.0
64.0
-3904.0
-3264.0
256.0
-960.0
-1472.0
-3904.0
-4672.0
-4992.0
-3200.0
-1984.0
1920.0
6592.0
4736.0
-1088.0
-1920.0
-2368.0
-256.0
-1280.0
576.0
-2816.0
-704.0
3584.0
-1792.0
-3904.0
-6080.0
-704.0
128.0
2176.0
-896.0
-256.0
1472.0
1024.0
2880.0
4672.0
5696.0
5120.0
4928.0
4608.0
5248.0
4864.0
4928.0
6336.0
2560.0
-1344.0
-1600.0
-5504.0
-3008.0
-5312.0
-11776.0
-8000.0
-9664.0
-3008.0
-5504.0
-1664.0
-2560.0
448.0
320.0
2624.0
4672.0
4288.0
2752.0
4800.0
7872.0
8192.0
1984.0
6272.0
1664.0
2432.0
-384.0
-2432.0
-1856.0
-2176.0
-3968.0
-768.0
3200.0
4032.0
7232.0
-1216.0
-3520.0
-4544.0
-2816.0
-4224.0
-2752.0
-2368.0
-1600.0
-960.0
-192.0
1536.0
-2112.0
-2880.0
-832.0
3200.0
5888.0
5696.0
-3072.0
-2944.0
-3136.0
-3264.0
-1344.0
-896.0
-2432.0
-6656.0
-9088.0
-10880.0
-1216.0
3072.0
7104.0
7424.0
6720.0
3840.0
6848.0
4800.0
3136.0
1216.0
-384.0
4160.0
3968.0
6848.0
2688.0
768.0
-3328.0
-1728.0
-1344.0
-1536.0
-2752.0
-1024.0
-4224.0
-4864.0
704.0
1664.0
-192.0
-768.0
-320.0
-5632.0
-4992.0
-7872.0
-9088.0
-4416.0
4672.0
3712.0
1792.0
-3200.0
-3264.0
4288.0
2944.0
-1024.0
6208.0
4224.0
8128.0
-128.0
-128.0
512.0
4544.0
3968.0
2816.0
4480.0
1856.0
-704.0
128.0
1024.0
11968.0
2752.0
-1280.0
-11968.0
-16768.0
-1152.0
3008.0
5376.0
1792.0
832.0
-1216.0
-4096.0
640.0
6656.0
3904.0
-384.0
-1280.0
-3264.0
-5760.0
832.0
1344.0
1600.0
-4800.0
-512.0
2944.0
1408.0
640.0
-1216.0
1856.0
4160.0
1344.0
5696.0
10048.0
8832.0
448.0
11200.0
6976.0
-1280.0
-1088.0
-768.0
-3072.0
-640.0
-8896.0
-10496.0
-6208.0
384.0
-4608.0
-192.0
-2432.0
-4160.0
-768.0
1920.0
768.0
1728.0
2624.0
1152.0
7808.0
8448.0
8960.0
-384.0
1728.0
512.0
896.0
1024.0
1728.0
768.0
-640.0
-3520.0
-2304.0
4992.0
6656.0
4544.0
192.0
-3264.0
-192.0
3264.0
4160.0
-1600.0
-3968.0
-2816.0
-4288.0
1920.0
5568.0
1728.0
-64.0
-3712.0
0.0
4160.0
6144.0
-1408.0
-2112.0
-8064.0
-7872.0
-3328.0
-960.0
256.0
-8320.0
-12864.0
-7296.0
4160.0
6976.0
11136.0
5440.0
2688.0
-4032.0
-384.0
3840.0
3840.0
5440.0
6592.0
4096.0
4800.0
2624.0
960.0
-2048.0
-5632.0
-4160.0
-1344.0
768.0
-1664.0
-8960.0
-4096.0
-256.0
-64.0
2304.0
-5952.0
-3392.0
320.0
-5120.0
-7808.0
4288.0
2048.0
-3008.0
-5184.0
832.0
2304.0
640.0
1344.0
2432.0
2368.0
3072.0
4544.0
6528.0
8448.0
6016.0
3072.0
2432.0
3456.0
2240.0
3200.0
4416.0
-1856.0
-11264.0
-14592.0
-7488.0
448.0
5376.0
7232.0
3392.0
1280.0
-320.0
-1216.0
2432.0
-128.0
-1856.0
-6592.0
-6336.0
-2112.0
256.0
192.0
-1600.0
-1216.0
-2112.0
-448.0
-768.0
-320.0
-1408.0
-192.0
3840.0
3456.0
10752.0
11392.0
6336.0
1024.0
5504.0
-4032.0
-4032.0
-1984.0
2688.0
-7104.0
-11008.0
-12096.0
960.0
2944.0
512.0
-1152.0
-2176.0
1152.0
1408.0
448.0
1536.0
1216.0
3904.0
64.0
-640.0
2304.0
-1536.0
-2688.0
-2880.0
1344.0
3648.0
832.0
1920.0
-896.0
-896.0
-1472.0
7424.0
10304.0
-128.0
13056.0
10816.0
-6080.0
-3200.0
-4224.0
-64.0
-2368.0
576.0
4672.0
3136.0
-3776.0
-5824.0
-1280.0
896.0
6976.0
-1024.0
-3200.0
-6592.0
-7872.0
-9344.0
-5632.0
-4800.0
-4544.0
1344.0
3840.0
4544.0
7360.0
6016.0
5440.0
-2432.0
-5696.0
-3264.0
2496.0
4096.0
3904.0
3840.0
4224.0
5952.0
3968.0
1664.0
2880.0
2880.0
896.0
384.0
-3968.0
-4096.0
-5504.0
-5632.0
-6080.0
-1024.0
-1792.0
-128.0
-2624.0
-9984.0
-7808.0
1024.0
-1792.0
-4480.0
1984.0
128.0
5504.0
3328.0
2176.0
-640.0
1152.0
5632.0
10240.0
6144.0
3776.0
3904.0
1600.0
5504.0
-768.0
-1984.0
-7936.0
-8320.0
-3328.0
-5696.0
-3136.0
-2688.0
960.0
18240.0
-4352.0
-960.0
-2176.0
-4544.0
-4224.0
-5952.0
-2944.0
512.0
1728.0
1408.0
-2432.0
-3904.0
-3008.0
-960.0
704.0
-3648.0
3008.0
5120.0
9472.0
8832.0
9344.0
9408.0
5632.0
-7296.0
-5184.0
-576.0
-832.0
-1600.0
-1344.0
-8704.0
-8448.0
-960.0
4928.0
2048.0
384.0
-128.0
832.0
64.0
-1472.0
128.0
-3392.0
-640.0
-2560.0
-6208.0
-5888.0
-1792.0
3072.0
4864.0
4480.0
448.0
-2048.0
0.0
-3200.0
2816.0
1088.0
6080.0
8576.0
5632.0
-2560.0
-6016.0
-4032.0
-768.0
-192.0
-1280.0
512.0
-2752.0
2688.0
704.0
-6016.0
-1984.0
3136.0
-1664.0
-1024.0
-1920.0
-3328.0
-4224.0
-4608.0
384.0
-192.0
-2496.0
-4032.0
-5824.0
7936.0
7552.0
-512.0
-3648.0
-9728.0
-1728.0
1024.0
1344.0
17536.0
4736.0
-3072.0
-2176.0
4480.0
6400.0
8576.0
2112.0
-1920.0
-4992.0
-4352.0
-6848.0
-8256.0
-4544.0
-64.0
-2944.0
-2688.0
-1472.0
640.0
-2944.0
-2560.0
-1216.0
-6144.0
-2240.0
3904.0
6528.0
2496.0
1024.0
1536.0
-832.0
-384.0
2624.0
5696.0
896.0
7808.0
7360.0
6144.0
2048.0
6272.0
6016.0
1536.0
-1792.0
-4032.0
-2944.0
-3136.0
-3392.0
-5952.0
-8768.0
-4032.0
1472.0
3776.0
-3584.0
-2496.0
-2048.0
-1664.0
-512.0
2368.0
-512.0
448.0
3520.0
2240.0
5824.0
5888.0
10816.0
7808.0
5824.0
13248.0
13632.0
14912.0
-3008.0
-10752.0
-14336.0
-7744.0
-5312.0
-6016.0
-5824.0
-3328.0
1920.0
3392.0
7360.0
2624.0
-576.0
0.0
320.0
960.0
1280.0
-2048.0
-2624.0
-3904.0
-4736.0
1408.0
4096.0
5440.0
-256.0
3200.0
2112.0
-5760.0
-10624.0
3648.0
8704.0
-704.0
-10944.0
-11136.0
-2112.0
6144.0
4864.0
2624.0
4608.0
3840.0
-1920.0
-1920.0
-4032.0
576.0
128.0
-2176.0
768.0
-896.0
-3072.0
-5056.0
-4736.0
-832.0
1088.0
-2176.0
-4544.0
-8448.0
14208.0
13248.0
22592.0
1024.0
-6272.0
-11904.0
-15168.0
-18752.0
-8832.0
-4992.0
-5376.0
14080.0
31232.0
1536.0
-3648.0
2304.0
-1472.0
1152.0
5120.0
4096.0
5888.0
-5312.0
-4928.0
-3904.0
-8384.0
-9024.0
-6272.0
-2624.0
-2432.0
-3264.0
-2176.0
576.0
4032.0
576.0
-2496.0
1536.0
3456.0
5888.0
1152.0
3328.0
10944.0
