-1664.0
-2752.0
-576.0
2752.0
11008.0
12544.0
10432.0
-3776.0
-7936.0
-2496.0
896.0
2304.0
-448.0
-2368.0
-1728.0
-128.0
-128.0
-128.0
-896.0
-1472.0
-2048.0
-3264.0
-960.0
10944.0
11840.0
12224.0
8832.0
7488.0
4288.0
2368.0
1664.0
2368.0
1600.0
3008.0
4608.0
5440.0
4160.0
2432.0
640.0
-1600.0
-1024.0
-384.0
-1280.0
-256.0
384.0
448.0
-256.0
-1216.0
-448.0
512.0
320.0
-768.0
-384.0
1344.0
896.0
768.0
-384.0
-640.0
2176.0
2176.0
1408.0
2304.0
3072.0
2432.0
1216.0
960.0
-256.0
-1408.0
-896.0
192.0
-1920.0
-4672.0
-2048.0
1600.0
3072.0
3840.0
5632.0
6720.0
6976.0
6784.0
6272.0
6080.0
3776.0
2368.0
1856.0
1024.0
1344.0
1600.0
2432.0
2752.0
3520.0
3904.0
3904.0
3264.0
3328.0
3328.0
3136.0
2496.0
2240.0
1408.0
1408.0
1088.0
768.0
256.0
320.0
-64.0
256.0
0.0
256.0
128.0
640.0
768.0
64.0
64.0
-128.0
256.0
320.0
192.0
704.0
448.0
1280.0
960.0
1216.0
640.0
576.0
1600.0
1664.0
1664.0
2176.0
2944.0
3072.0
2688.0
2752.0
3392.0
2368.0
832.0
1088.0
960.0
-256.0
-256.0
384.0
512.0
384.0
2048.0
2560.0
2688.0
3072.0
2688.0
2816.0
1600.0
1856.0
-896.0
-1088.0
-1600.0
1728.0
2752.0
2752.0
3904.0
2816.0
4544.0
3904.0
3712.0
1344.0
-64.0
-320.0
-64.0
-320.0
1152.0
448.0
-384.0
1216.0
1536.0
2048.0
2112.0
2304.0
-1280.0
512.0
1408.0
2752.0
2432.0
2240.0
3200.0
3776.0
2432.0
2624.0
448.0
-1600.0
-1408.0
896.0
832.0
640.0
2240.0
2240.0
3648.0
3328.0
1600.0
1280.0
2048.0
2496.0
3072.0
2496.0
2624.0
1792.0
2048.0
2432.0
832.0
-896.0
1920.0
3200.0
1152.0
-448.0
384.0
-1984.0
-832.0
-960.0
-1472.0
-320.0
192.0
1472.0
2880.0
4160.0
2304.0
3520.0
1408.0
1728.0
1280.0
3072.0
3328.0
1280.0
2432.0
-64.0
1536.0
1088.0
-320.0
1408.0
2304.0
2048.0
2752.0
1856.0
256.0
832.0
1344.0
448.0
1024.0
-768.0
-2112.0
-896.0
-1344.0
128.0
192.0
1216.0
2112.0
1344.0
1600.0
64.0
320.0
-192.0
128.0
2176.0
2240.0
2368.0
2560.0
1856.0
1600.0
3008.0
1472.0
1536.0
3136.0
3072.0
1792.0
1408.0
832.0
1216.0
1088.0
1984.0
1856.0
1600.0
3328.0
2240.0
128.0
832.0
1472.0
1344.0
1536.0
-512.0
-320.0
1024.0
-1088.0
-320.0
256.0
320.0
1600.0
1280.0
2368.0
2176.0
1600.0
2816.0
2624.0
3008.0
2240.0
64.0
896.0
3712.0
3520.0
960.0
-1536.0
-128.0
-256.0
-128.0
0.0
1408.0
1856.0
2112.0
576.0
128.0
64.0
128.0
576.0
832.0
1856.0
2496.0
3200.0
2304.0
1408.0
0.0
0.0
640.0
576.0
-256.0
-448.0
576.0
-256.0
1408.0
1152.0
832.0
1792.0
1472.0
3072.0
3392.0
512.0
-192.0
-1344.0
-704.0
1152.0
576.0
-1344.0
-1600.0
-1408.0
-832.0
512.0
2304.0
3008.0
-1152.0
-1280.0
-320.0
768.0
2304.0
1984.0
832.0
2368.0
2240.0
3520.0
5504.0
5952.0
-512.0
-448.0
-1472.0
-640.0
512.0
3904.0
5824.0
2176.0
1856.0
-64.0
-1344.0
-1664.0
-704.0
-832.0
-128.0
1024.0
3392.0
3968.0
1408.0
2880.0
3008.0
7424.0
7424.0
3968.0
1408.0
1280.0
576.0
704.0
1280.0
-256.0
-1856.0
-832.0
-1280.0
2496.0
3456.0
-1664.0
0.0
128.0
-1280.0
-1664.0
-3072.0
-4224.0
256.0
3328.0
3584.0
-320.0
-640.0
3968.0
832.0
3968.0
-320.0
2368.0
384.0
2368.0
-576.0
1600.0
1152.0
448.0
960.0
1856.0
2176.0
1408.0
-768.0
-1728.0
1088.0
256.0
1408.0
1024.0
896.0
5184.0
5952.0
3648.0
704.0
-640.0
-1536.0
5056.0
2176.0
-256.0
2304.0
6016.0
7488.0
4160.0
-2368.0
-2688.0
-3200.0
-3776.0
-1408.0
3264.0
6080.0
6144.0
-768.0
-192.0
2048.0
-192.0
768.0
-320.0
-640.0
-2176.0
-2304.0
-256.0
-64.0
1728.0
3584.0
1408.0
3264.0
1536.0
-1280.0
2240.0
2688.0
1664.0
64.0
-1152.0
-1216.0
-768.0
2752.0
1856.0
-1664.0
-512.0
-384.0
832.0
2944.0
832.0
1472.0
-2240.0
1152.0
-256.0
-960.0
1280.0
2624.0
1984.0
896.0
4864.0
128.0
2112.0
64.0
896.0
-640.0
-2112.0
320.0
256.0
2496.0
6464.0
7104.0
2560.0
3200.0
4672.0
1984.0
5120.0
-7040.0
-8128.0
-5888.0
960.0
-1472.0
64.0
128.0
2432.0
960.0
-512.0
-4736.0
2560.0
-768.0
3904.0
-1472.0
-1536.0
-2176.0
-2048.0
-2176.0
-4160.0
-1792.0
1216.0
4800.0
5952.0
3392.0
-1344.0
-2688.0
-1920.0
-3840.0
-512.0
1600.0
4736.0
2560.0
9216.0
9408.0
4864.0
-3136.0
-5824.0
-448.0
1280.0
11264.0
4736.0
13824.0
-2048.0
-4544.0
-3328.0
-7168.0
-8192.0
-2240.0
2432.0
6528.0
5504.0
11968.0
-512.0
-1984.0
-320.0
-1600.0
-1280.0
-3136.0
640.0
1088.0
2304.0
2432.0
4672.0
9024.0
-448.0
3904.0
-5504.0
-8256.0
-3136.0
-3200.0
-1024.0
384.0
-1088.0
-1920.0
-1344.0
1152.0
4608.0
2240.0
-2304.0
-2240.0
-1536.0
8704.0
3008.0
576.0
-2624.0
-5760.0
-3392.0
2624.0
4160.0
13888.0
-1024.0
1728.0
-384.0
-2752.0
3648.0
7872.0
14144.0
1472.0
1920.0
3008.0
4672.0
1792.0
-768.0
64.0
-4608.0
-4544.0
-320.0
-128.0
512.0
256.0
-7296.0
-9728.0
-9216.0
-576.0
-512.0
768.0
5632.0
2112.0
1600.0
-640.0
0.0
1792.0
2304.0
1216.0
-384.0
1024.0
4864.0
1920.0
3968.0
1280.0
5696.0
6592.0
-4288.0
-6144.0
960.0
10048.0
2560.0
1920.0
-2496.0
2048.0
-7680.0
-2304.0
11776.0
4608.0
-832.0
-2688.0
192.0
-832.0
3072.0
7744.0
9920.0
1920.0
-5120.0
-8064.0
-7168.0
-6016.0
1536.0
6912.0
-128.0
-1152.0
-5120.0
3264.0
3968.0
6848.0
320.0
-2688.0
-2048.0
-2432.0
-2624.0
-2752.0
-512.0
64.0
-4928.0
-1792.0
-128.0
2880.0
384.0
-6080.0
-2368.0
192.0
9600.0
3072.0
-1216.0
-1024.0
-1024.0
7488.0
1280.0
2112.0
2560.0
3328.0
13760.0
-320.0
-4416.0
-6144.0
-2816.0
-1664.0
9280.0
15168.0
-2944.0
-10176.0
-8768.0
-4544.0
-3200.0
-1664.0
1856.0
512.0
5632.0
896.0
-2048.0
1344.0
-1472.0
1024.0
2880.0
7104.0
4608.0
-1344.0
-5440.0
-10240.0
-8064.0
-5760.0
-2496.0
576.0
2112.0
2752.0
3328.0
-2752.0
-7168.0
-2496.0
896.0
6272.0
11712.0
2688.0
-1920.0
3392.0
-2752.0
-448.0
-2048.0
1024.0
4672.0
3264.0
4864.0
2048.0
896.0
960.0
3392.0
4160.0
4800.0
4160.0
4672.0
64.0
-4288.0
-6848.0
-6272.0
-8576.0
-960.0
-512.0
-2176.0
1280.0
-1664.0
-4352.0
-1664.0
1728.0
704.0
-1536.0
-1856.0
-3840.0
-3008.0
-11008.0
-5120.0
5568.0
6400.0
9344.0
4800.0
7488.0
5376.0
1728.0
5440.0
6912.0
2048.0
2176.0
6528.0
9152.0
13056.0
4736.0
384.0
-2432.0
-13568.0
-5120.0
-3840.0
-1728.0
-3392.0
-12608.0
-9088.0
-1920.0
9280.0
16640.0
-2368.0
-3072.0
-1280.0
-1728.0
576.0
128.0
3584.0
3264.0
7872.0
4928.0
8704.0
832.0
-4736.0
6016.0
1728.0
-256.0
-3136.0
-5824.0
-5824.0
-5120.0
-7616.0
-320.0
-832.0
10176.0
16000.0
2240.0
-4416.0
-1920.0
3968.0
7936.0
1088.0
64.0
-576.0
1088.0
-384.0
-64.0
1536.0
-2560.0
-2432.0
-3008.0
4736.0
2560.0
-1664.0
-4864.0
-6016.0
-5696.0
512.0
3584.0
7872.0
3136.0
-768.0
-4416.0
-1920.0
-1536.0
-2240.0
-3840.0
-1152.0
1984.0
7680.0
12864.0
10752.0
4672.0
320.0
-2816.0
768.0
-2176.0
704.0
2560.0
320.0
-3008.0
-256.0
-3712.0
-4160.0
3264.0
-1408.0
-3008.0
-1664.0
1728.0
704.0
1280.0
-832.0
2560.0
-2368.0
-4160.0
2176.0
11328.0
4992.0
-832.0
-2688.0
-7744.0
-5248.0
-896.0
192.0
832.0
-6592.0
-11776.0
-5568.0
-3200.0
4992.0
22336.0
26112.0
-1088.0
-1920.0
-2176.0
-576.0
-3136.0
-2688.0
2112.0
3456.0
6528.0
1664.0
5184.0
768.0
3904.0
-1792.0
-5760.0
-2240.0
-4160.0
-5056.0
-5952.0
-128.0
192.0
-2368.0
-3776.0
-768.0
3648.0
0.0
1856.0
-7808.0
-12096.0
-8704.0
5248.0
2752.0
-1984.0
-2816.0
-64.0
5312.0
14272.0
9152.0
4992.0
-640.0
4544.0
4160.0
8256.0
4992.0
7488.0
8576.0
11648.0
5376.0
-4416.0
-7872.0
-5056.0
-4288.0
-3072.0
-13248.0
-14976.0
-17152.0
-3776.0
-5568.0
-2432.0
31488.0
-1984.0
-3072.0
-1920.0
-1600.0
3968.0
1792.0
384.0
-1984.0
960.0
4544.0
1216.0
2304.0
2176.0
896.0
1280.0
-3648.0
-4800.0
-2560.0
-3008.0
-4288.0
10496.0
13824.0
7232.0
-64.0
704.0
576.0
3072.0
4864.0
832.0
-128.0
-1472.0
-256.0
1856.0
-2368.0
1920.0
-960.0
-3776.0
-3904.0
-7552.0
-8064.0
-5824.0
-320.0
-2240.0
-3584.0
-4928.0
-2176.0
-2432.0
-2688.0
-768.0
5632.0
7744.0
9472.0
14592.0
6400.0
2816.0
2368.0
-1792.0
5376.0
4096.0
-1472.0
-7488.0
-9600.0
-6272.0
-4992.0
-512.0
3136.0
1920.0
-1216.0
-2048.0
3200.0
5120.0
64.0
-1216.0
-3328.0
0.0
-1600.0
2112.0
4544.0
4160.0
1216.0
-2688.0
-4608.0
-5312.0
-7936.0
-3200.0
-6080.0
-10880.0
-6272.0
-4416.0
2368.0
-2176.0
23552.0
8960.0
2944.0
-1344.0
192.0
384.0
1664.0
2624.0
11968.0
2688.0
5888.0
1152.0
64.0
-3328.0
-7296.0
-5376.0
960.0
1024.0
2624.0
-8192.0
-4096.0
1600.0
-6016.0
1344.0
1536.0
-9152.0
-8512.0
2048.0
2816.0
896.0
-1536.0
192.0
2432.0
1216.0
3328.0
9024.0
8768.0
6272.0
3072.0
8320.0
3072.0
6912.0
12224.0
8896.0
12672.0
9792.0
-5184.0
-7424.0
-9792.0
-11072.0
-11392.0
-8384.0
-8768.0
-11584.0
-4736.0
-256.0
15424.0
12096.0
5120.0
2176.0
256.0
2880.0
-64.0
-3200.0
2112.0
2688.0
-576.0
-3008.0
1600.0
2368.0
-3200.0
-3328.0
-5312.0
-4480.0
-8768.0
3904.0
1792.0
3392.0
960.0
7168.0
7872.0
7744.0
5248.0
-3904.0
-1728.0
64.0
-832.0
3648.0
1152.0
-512.0
-1536.0
3200.0
64.0
-7424.0
-7360.0
-3264.0
-1536.0
-384.0
-5120.0
-3008.0
-1472.0
-896.0
192.0
4864.0
8320.0
14272.0
5632.0
6528.0
5824.0
8384.0
4288.0
-2240.0
-3264.0
-5248.0
-6272.0
-5184.0
-768.0
-3904.0
-2880.0
-5632.0
1344.0
3776.0
1024.0
-2688.0
-2688.0
5056.0
3648.0
3264.0
-2432.0
-2240.0
-1216.0
4288.0
2944.0
-2304.0
-2624.0
-4288.0
-7360.0
-7488.0
-8512.0
-3456.0
-2304.0
-384.0
0.0
960.0
8768.0
1472.0
-512.0
4480.0
2944.0
640.0
5184.0
7232.0
9088.0
640.0
3968.0
-4544.0
-5696.0
-896.0
5120.0
4224.0
-512.0
-5632.0
-6016.0
-1728.0
-3200.0
-6528.0
-6208.0
-2368.0
2368.0
-2496.0
-4288.0
-5888.0
-1728.0
320.0
-1216.0
512.0
4224.0
11328.0
5120.0
4032.0
7488.0
6144.0
3328.0
4224.0
15680.0
11392.0
4864.0
3840.0
-1984.0
-6784.0
-9216.0
-6912.0
-13760.0
-16384.0
-1472.0
-640.0
1728.0
7488.0
10240.0
11264.0
-576.0
-1024.0
-192.0
-512.0
192.0
-320.0
1472.0
2048.0
64.0
-832.0
-3456.0
2240.0
-3456.0
-14720.0
-6912.0
-1024.0
7872.0
256.0
-3200.0
192.0
4416.0
2304.0
5312.0
1024.0
6336.0
8320.0
384.0
1664.0
2688.0
-5056.0
-960.0
256.0
-4352.0
-3776.0
-16704.0
-12544.0
-4288.0
1472.0
3328.0
4416.0
-1792.0
5696.0
2048.0
5696.0
448.0
-2688.0
3648.0
14656.0
8512.0
6464.0
-512.0
576.0
-1600.0
0.0
-4032.0
-3072.0
-6912.0
-8320.0
11264.0
9984.0
2240.0
-5760.0
-6208.0
-5376.0
-4032.0
-896.0
1792.0
3072.0
4352.0
896.0
640.0
-1984.0
-3008.0
-5632.0
-3776.0
-3456.0
-1536.0
-3456.0
-10176.0
-11520.0
-2112.0
4608.0
6528.0
11648.0
4224.0
-2432.0
-1856.0
10496.0
11712.0
12608.0
-4096.0
704.0
4416.0
1664.0
1600.0
3136.0
4096.0
9600.0
2368.0
896.0
-4416.0
-16896.0
-21248.0
-3968.0
-1664.0
576.0
1600.0
-5568.0
-3136.0
-5248.0
1536.0
1856.0
12672.0
9856.0
256.0
2368.0
768.0
-2112.0
6848.0
12160.0
8256.0
4992.0
3968.0
8832.0
-832.0
-10432.0
-8768.0
-192.0
-2688.0
-1280.0
192.0
-3520.0
-5504.0
-2688.0
3776.0
4288.0
-1664.0
-5312.0
-6528.0
-3648.0
896.0
384.0
-1088.0
3904.0
256.0
2944.0
-3008.0
-1664.0
-448.0
-6016.0
-4928.0
1536.0
3136.0
6272.0
-5696.0
-768.0
7424.0
8704.0
3648.0
-960.0
-4544.0
1216.0
4032.0
3904.0
-4864.0
-5376.0
-5760.0
-3072.0
-4864.0
-2560.0
4224.0
2560.0
-1792.0
-5504.0
-7872.0
-2112.0
2496.0
4480.0
6528.0
2816.0
8768.0
12352.0
10752.0
2368.0
6208.0
704.0
6464.0
7616.0
-4224.0
-12480.0
-21440.0
-17664.0
-6976.0
-1792.0
12672.0
20544.0
5184.0
576.0
1024.0
-448.0
-512.0
-1152.0
5504.0
4608.0
448.0
-1152.0
-3136.0
-3968.0
-5696.0
-9792.0
-7680.0
-11584.0
5440.0
8192.0
13056.0
-11136.0
-8256.0
-2688.0
-1792.0
64.0
13056.0
8512.0
6080.0
2880.0
4544.0
6912.0
-768.0
7552.0
5120.0
6400.0
192.0
-11392.0
-12864.0
-10240.0
-8064.0
-4480.0
-1984.0
-2624.0
448.0
-4736.0
-1024.0
-2432.0
4800.0
9472.0
8192.0
6464.0
-1664.0
-1728.0
-448.0
5632.0
6208.0
9280.0
9728.0
6848.0
8640.0
-704.0
-8256.0
-5120.0
-128.0
-3648.0
-13440.0
-9856.0
-1408.0
-1856.0
1792.0
5696.0
3264.0
4160.0
-384.0
1536.0
-3136.0
-1024.0
512.0
1728.0
3776.0
