1728.0
21696.0
21376.0
20544.0
-6720.0
-10560.0
-8512.0
-3840.0
1664.0
5056.0
2944.0
640.0
-1344.0
384.0
6976.0
8448.0
7040.0
2304.0
-64.0
-576.0
-256.0
-192.0
128.0
512.0
384.0
-256.0
-960.0
-1408.0
-640.0
-384.0
704.0
640.0
192.0
-640.0
-640.0
-512.0
-768.0
-1088.0
-1984.0
-2048.0
-2048.0
-1920.0
-1536.0
-1664.0
-1664.0
-1472.0
-1856.0
-1216.0
-768.0
-64.0
576.0
2048.0
2432.0
2752.0
1536.0
1856.0
2880.0
2496.0
640.0
-2112.0
-1472.0
-128.0
1088.0
-704.0
-2432.0
-3392.0
-2048.0
256.0
768.0
640.0
128.0
448.0
1216.0
1984.0
1472.0
-1536.0
-3840.0
-5376.0
-256.0
-1664.0
-2560.0
4864.0
7104.0
3136.0
1792.0
-128.0
-320.0
2048.0
5056.0
5312.0
3840.0
2560.0
2560.0
2432.0
3264.0
3840.0
4032.0
4352.0
4032.0
3584.0
3264.0
3392.0
2752.0
2560.0
1728.0
1408.0
960.0
640.0
448.0
384.0
576.0
384.0
512.0
576.0
192.0
512.0
576.0
640.0
1088.0
896.0
704.0
960.0
1344.0
1600.0
1792.0
1792.0
1600.0
1664.0
1600.0
1408.0
1472.0
1600.0
1344.0
1280.0
1088.0
1536.0
1344.0
704.0
384.0
1088.0
1920.0
2432.0
1920.0
448.0
256.0
1472.0
2304.0
960.0
320.0
640.0
1216.0
1408.0
640.0
1792.0
2304.0
576.0
0.0
-128.0
2944.0
3072.0
1216.0
2112.0
1984.0
704.0
320.0
640.0
1792.0
1600.0
2432.0
2496.0
1472.0
1984.0
2240.0
1728.0
2368.0
3072.0
1792.0
64.0
-384.0
576.0
768.0
64.0
2432.0
2496.0
2432.0
2368.0
2304.0
1088.0
1600.0
3520.0
3072.0
2688.0
2240.0
320.0
-768.0
1088.0
1664.0
1216.0
1024.0
768.0
1856.0
1472.0
2176.0
2368.0
1856.0
256.0
640.0
704.0
1536.0
1792.0
2176.0
832.0
512.0
1472.0
2176.0
1216.0
2176.0
576.0
0.0
1728.0
3136.0
2368.0
1664.0
1984.0
1472.0
3200.0
2816.0
192.0
-768.0
1024.0
1152.0
896.0
1600.0
3840.0
3648.0
2752.0
1408.0
-960.0
-1152.0
832.0
2496.0
2048.0
832.0
960.0
1472.0
2048.0
1024.0
512.0
3008.0
6784.0
5248.0
2816.0
-896.0
-320.0
1984.0
640.0
128.0
-384.0
128.0
-960.0
576.0
192.0
2048.0
2304.0
4096.0
2752.0
1024.0
3136.0
2752.0
3904.0
-768.0
2240.0
2944.0
2368.0
896.0
1216.0
1664.0
896.0
1088.0
-128.0
-640.0
-448.0
-448.0
2048.0
1088.0
384.0
1024.0
128.0
-768.0
-1088.0
2112.0
3968.0
3264.0
-640.0
960.0
-1152.0
128.0
2368.0
4160.0
3904.0
2752.0
-320.0
192.0
320.0
2560.0
2624.0
1536.0
4864.0
2944.0
-832.0
-1664.0
704.0
640.0
1152.0
-448.0
1088.0
1600.0
-1664.0
256.0
1600.0
832.0
1856.0
4672.0
256.0
-1024.0
832.0
4864.0
4544.0
5760.0
2880.0
-128.0
-3328.0
-1280.0
-384.0
640.0
3968.0
3328.0
2368.0
-1024.0
-1408.0
-1536.0
5312.0
5696.0
2368.0
3136.0
512.0
-2368.0
-2368.0
0.0
5056.0
5504.0
7232.0
2816.0
1600.0
256.0
1600.0
2688.0
4416.0
64.0
-256.0
-640.0
-896.0
-640.0
-1024.0
1408.0
1216.0
-832.0
-2432.0
128.0
1344.0
3136.0
2432.0
2496.0
-704.0
128.0
1664.0
192.0
3520.0
1920.0
2816.0
-1152.0
-3904.0
-256.0
4992.0
1024.0
1024.0
-640.0
128.0
-512.0
1344.0
1792.0
64.0
-320.0
-2496.0
64.0
1408.0
3264.0
2176.0
2880.0
1408.0
576.0
2368.0
4608.0
-256.0
-1088.0
-768.0
-128.0
4288.0
4736.0
4736.0
3456.0
64.0
2816.0
3712.0
2688.0
3136.0
-1088.0
-2112.0
-1280.0
2368.0
2944.0
2368.0
2112.0
576.0
1472.0
2368.0
0.0
-1472.0
960.0
128.0
896.0
5376.0
6720.0
1216.0
64.0
2624.0
2688.0
2816.0
1664.0
-320.0
-2752.0
-3200.0
-192.0
1280.0
-2624.0
-4416.0
-2176.0
1152.0
4480.0
7488.0
1600.0
1664.0
-832.0
3904.0
3712.0
-896.0
384.0
-1088.0
0.0
-320.0
-128.0
1856.0
2048.0
64.0
384.0
1984.0
1408.0
320.0
-1984.0
-6784.0
-1600.0
5888.0
1600.0
3200.0
-448.0
4096.0
1280.0
384.0
4032.0
5056.0
6784.0
-832.0
-4416.0
1216.0
-192.0
5504.0
2432.0
704.0
-4480.0
4352.0
1344.0
-3968.0
320.0
128.0
128.0
-384.0
576.0
6016.0
8704.0
1984.0
3072.0
3776.0
-1920.0
-1088.0
-3264.0
-10048.0
-4608.0
-576.0
5440.0
13120.0
7168.0
-3776.0
-6912.0
-1856.0
6208.0
4224.0
-3904.0
-2816.0
-3136.0
4928.0
-192.0
-1472.0
-384.0
1088.0
256.0
384.0
5888.0
-6208.0
-4416.0
3328.0
-5504.0
-1472.0
-4992.0
-1600.0
0.0
8384.0
1728.0
3136.0
1088.0
1728.0
5952.0
-1664.0
-2240.0
8960.0
-320.0
640.0
-1856.0
11072.0
1984.0
-896.0
2240.0
-3776.0
2752.0
5440.0
14336.0
9728.0
-1472.0
-1088.0
-1664.0
-4032.0
-6784.0
-3008.0
576.0
576.0
1728.0
4672.0
7168.0
4096.0
1344.0
1536.0
-3968.0
-3456.0
-2944.0
-1600.0
-1152.0
320.0
1728.0
3072.0
128.0
1408.0
3264.0
-1600.0
-192.0
-4288.0
-4224.0
10176.0
4672.0
2688.0
-448.0
-512.0
-2688.0
4608.0
1216.0
-5632.0
-6144.0
-3840.0
7424.0
4032.0
-7872.0
-2752.0
3968.0
5376.0
-2624.0
-320.0
1728.0
4032.0
8896.0
3712.0
3136.0
6080.0
640.0
256.0
-640.0
-2752.0
-320.0
320.0
-768.0
1344.0
3584.0
448.0
-9088.0
-3392.0
-896.0
-4032.0
-192.0
7040.0
4352.0
2560.0
-6464.0
-5440.0
-6336.0
2752.0
1152.0
1984.0
1152.0
1408.0
-704.0
-3200.0
-4672.0
960.0
5952.0
8384.0
-704.0
-3392.0
-4160.0
384.0
2944.0
-768.0
2880.0
-256.0
6016.0
-3584.0
3072.0
-1088.0
-1408.0
-5504.0
1344.0
4864.0
1856.0
6592.0
1216.0
6720.0
1856.0
-896.0
2240.0
7552.0
-448.0
-7424.0
1984.0
7168.0
2688.0
-5504.0
-1600.0
-3520.0
2752.0
3328.0
1152.0
1728.0
-384.0
-5056.0
-8000.0
64.0
384.0
2240.0
192.0
-2816.0
-1344.0
-448.0
-3776.0
-3200.0
-2240.0
-2816.0
10496.0
7616.0
832.0
-1088.0
576.0
3584.0
-4032.0
-1728.0
9088.0
-1344.0
-11328.0
-6144.0
960.0
12032.0
2944.0
7552.0
4032.0
-1984.0
-8384.0
-5376.0
1408.0
4032.0
7680.0
12480.0
7680.0
2880.0
-4288.0
-6976.0
-7296.0
64.0
1280.0
1280.0
4544.0
1792.0
1792.0
0.0
-960.0
2176.0
-512.0
5440.0
-4480.0
-3136.0
-2752.0
448.0
-1856.0
-5888.0
-5312.0
1088.0
7296.0
9856.0
-2688.0
-1600.0
-4160.0
-3392.0
-4672.0
896.0
3904.0
3456.0
-1536.0
-1088.0
-2496.0
2496.0
4032.0
-512.0
-384.0
-1408.0
1792.0
6336.0
7680.0
-3584.0
-1088.0
-3520.0
5888.0
7936.0
3648.0
5120.0
-1856.0
1280.0
1472.0
768.0
-6912.0
-7104.0
-7744.0
-2880.0
-2816.0
10944.0
11200.0
7616.0
-7744.0
-8000.0
-4352.0
-1792.0
7168.0
-3008.0
-1024.0
-4416.0
-7936.0
-3840.0
7744.0
8448.0
640.0
2432.0
4928.0
8064.0
7552.0
3456.0
-2368.0
3712.0
2176.0
2880.0
5056.0
9600.0
1472.0
-5632.0
-5568.0
1856.0
-1088.0
-704.0
-3584.0
128.0
-2944.0
-7616.0
5120.0
-2304.0
1152.0
-1664.0
6016.0
-1344.0
-2176.0
-4032.0
2816.0
3136.0
6656.0
960.0
-576.0
-128.0
-4288.0
-5696.0
2432.0
3840.0
5248.0
-1984.0
-4608.0
-7296.0
-7936.0
-1216.0
11520.0
-1728.0
3264.0
9280.0
5248.0
1344.0
896.0
1536.0
1216.0
-2560.0
704.0
9152.0
3264.0
192.0
-3264.0
-5824.0
6144.0
9664.0
10560.0
-11136.0
-9216.0
-3904.0
-960.0
-192.0
1664.0
-5248.0
-7360.0
1408.0
2688.0
-6976.0
-3776.0
-832.0
5568.0
7040.0
7040.0
-2240.0
-640.0
576.0
64.0
-1088.0
-1152.0
5056.0
4288.0
1792.0
512.0
-3968.0
-1856.0
576.0
-1088.0
-704.0
7296.0
-2816.0
-7680.0
-2176.0
9216.0
8000.0
8768.0
10176.0
8192.0
0.0
-384.0
-6272.0
-9280.0
-5952.0
6912.0
11264.0
14080.0
-2304.0
-4544.0
-9280.0
-5824.0
-4032.0
-5184.0
1280.0
5504.0
7360.0
1216.0
-6976.0
1792.0
-704.0
-3392.0
-320.0
-512.0
4352.0
7488.0
-640.0
1536.0
-1216.0
-3392.0
-4096.0
2496.0
4032.0
-5760.0
-1408.0
9664.0
15680.0
-3456.0
5504.0
-384.0
-6720.0
-1920.0
-1728.0
5568.0
5120.0
5504.0
6400.0
832.0
-2496.0
-7360.0
-128.0
-1472.0
2368.0
-7296.0
-6080.0
-12800.0
-15616.0
-12416.0
2624.0
20864.0
14912.0
-5376.0
-5312.0
-2944.0
192.0
2432.0
4736.0
8640.0
4992.0
5312.0
5248.0
1920.0
704.0
-4800.0
5952.0
5440.0
4224.0
-7296.0
-4480.0
2496.0
2048.0
5248.0
-10624.0
-10496.0
-5440.0
-192.0
-704.0
4800.0
2624.0
-320.0
4480.0
-640.0
-320.0
1728.0
2368.0
2240.0
192.0
256.0
-5504.0
-7744.0
-1920.0
-5952.0
-768.0
-8896.0
-8128.0
-2048.0
20032.0
18112.0
13952.0
-7616.0
-1984.0
1408.0
6208.0
3136.0
1216.0
3008.0
1408.0
8704.0
5952.0
384.0
-1600.0
-2560.0
-4096.0
-2560.0
-2688.0
-2880.0
-5888.0
-7552.0
-2560.0
-4992.0
-64.0
2560.0
1024.0
3136.0
3264.0
-1728.0
-2880.0
6784.0
-448.0
192.0
2240.0
1216.0
1984.0
2560.0
-1408.0
-704.0
-448.0
-832.0
-5696.0
1280.0
3328.0
1920.0
-3264.0
-7168.0
-2880.0
1280.0
-2880.0
5632.0
7616.0
5120.0
6016.0
2688.0
512.0
-5824.0
-6656.0
-704.0
-64.0
-3008.0
-2432.0
-3712.0
-9280.0
-6656.0
2560.0
8896.0
8320.0
-1152.0
-1856.0
-9344.0
-4608.0
0.0
7040.0
8256.0
0.0
-2112.0
-256.0
-2816.0
-1664.0
-1600.0
3200.0
8512.0
1536.0
896.0
5440.0
8704.0
5248.0
3392.0
-5824.0
-4224.0
-3328.0
-1408.0
1920.0
5824.0
4672.0
1792.0
3392.0
1152.0
-2368.0
-6720.0
-10752.0
-9856.0
-11264.0
-5312.0
-1664.0
1408.0
-832.0
2176.0
-128.0
2624.0
896.0
1792.0
1664.0
6528.0
4992.0
6592.0
3136.0
4608.0
-1344.0
-1088.0
6976.0
6016.0
-768.0
-1664.0
1088.0
7552.0
-6720.0
1344.0
-7424.0
-5440.0
2176.0
0.0
3264.0
-128.0
640.0
384.0
832.0
-1152.0
-3968.0
3648.0
6656.0
-512.0
-3328.0
-4416.0
-9664.0
-6336.0
-4160.0
-1024.0
-704.0
896.0
14656.0
5184.0
8000.0
768.0
-1280.0
4608.0
704.0
2112.0
8384.0
2880.0
576.0
-2368.0
-1408.0
-1024.0
3392.0
5568.0
-2176.0
-9664.0
-4544.0
-5184.0
-3328.0
-576.0
3968.0
-4096.0
-5184.0
960.0
6720.0
-6592.0
-4096.0
3328.0
2368.0
9792.0
3456.0
-768.0
-2432.0
-1728.0
-4928.0
-1856.0
2560.0
5696.0
1472.0
-2112.0
-3840.0
9664.0
6784.0
-1536.0
-4864.0
-6336.0
-3840.0
13056.0
10944.0
-896.0
320.0
9152.0
-2496.0
-2368.0
-9408.0
-7552.0
-3264.0
-1472.0
-2112.0
-1600.0
4288.0
-128.0
-4928.0
-5696.0
-5504.0
1152.0
1152.0
1152.0
3328.0
3072.0
-64.0
0.0
-4480.0
-5184.0
-192.0
11392.0
1728.0
6144.0
5376.0
-6080.0
-11968.0
64.0
7424.0
9984.0
4160.0
-768.0
576.0
-2880.0
128.0
14336.0
11008.0
512.0
576.0
-1856.0
-11200.0
-16192.0
-12096.0
-4224.0
-5632.0
-2176.0
6784.0
1280.0
-3712.0
2368.0
1472.0
4608.0
9280.0
5312.0
-448.0
1152.0
4224.0
5888.0
7232.0
-3200.0
-2304.0
2240.0
3456.0
2048.0
8064.0
-7040.0
-7488.0
-3584.0
1088.0
2432.0
-128.0
1856.0
-6208.0
-8192.0
-5312.0
4032.0
7488.0
7744.0
-5120.0
-6144.0
-8384.0
-4736.0
-4608.0
-9472.0
-8384.0
-1728.0
13312.0
11328.0
-3072.0
-6592.0
-3968.0
2560.0
1600.0
-256.0
2176.0
7936.0
512.0
1536.0
-1088.0
7744.0
4800.0
6848.0
832.0
-1408.0
-6336.0
-5376.0
3520.0
2432.0
192.0
-512.0
-7104.0
1024.0
-2944.0
-6272.0
-4096.0
2432.0
4736.0
5248.0
-3200.0
-3840.0
-1472.0
-960.0
-1216.0
-2880.0
-3328.0
-256.0
-256.0
-960.0
9024.0
3968.0
2304.0
-3328.0
-3712.0
384.0
6336.0
512.0
-7488.0
14144.0
17344.0
-2176.0
-2432.0
6144.0
-8704.0
-14464.0
-20160.0
-13376.0
-4416.0
2240.0
10048.0
22976.0
10560.0
576.0
-1920.0
-512.0
-1600.0
-4928.0
-4352.0
-3712.0
-3264.0
-1216.0
0.0
-2624.0
-832.0
7936.0
5440.0
1472.0
-5440.0
1920.0
1472.0
1664.0
2624.0
6720.0
10880.0
-640.0
-1600.0
-1472.0
-4608.0
-5696.0
-1344.0
8256.0
4544.0
-192.0
-4864.0
-2496.0
832.0
-960.0
7680.0
-2048.0
-8512.0
-5440.0
-2176.0
640.0
8064.0
7552.0
-3520.0
0.0
2816.0
3584.0
3008.0
-3968.0
192.0
6400.0
8832.0
4864.0
4352.0
-448.0
3328.0
-192.0
1792.0
1792.0
4800.0
-3008.0
2432.0
6400.0
3136.0
-1280.0
-128.0
-3456.0
-6976.0
2304.0
-2880.0
-2368.0
-4928.0
-7296.0
-1792.0
1920.0
5632.0
-5568.0
-9792.0
1664.0
3520.0
3840.0
9792.0
9856.0
1664.0
3200.0
64.0
-960.0
1600.0
2368.0
1920.0
9600.0
12288.0
-4480.0
-14784.0
-5504.0
-5696.0
-5312.0
-12608.0
-1344.0
2688.0
5952.0
8000.0
576.0
256.0
448.0
-1728.0
5888.0
704.0
-1984.0
-3712.0
-11392.0
-5952.0
-256.0
17920.0
14208.0
1664.0
-1792.0
-1088.0
1664.0
128.0
896.0
-3776.0
-7808.0
-2176.0
14976.0
16704.0
-7936.0
-8384.0
-9600.0
-12800.0
-14080.0
-3072.0
4096.0
12160.0
4800.0
-768.0
832.0
-512.0
576.0
-2496.0
-3776.0
-3136.0
2816.0
1856.0
-320.0
-2304.0
-2304.0
960.0
9728.0
14208.0
23232.0
-5696.0
-12160.0
-2240.0
-7680.0
-5952.0
3072.0
19136.0
1664.0
3520.0
3584.0
896.0
2176.0
-1216.0
-10560.0
-4096.0
-1984.0
-2816.0
-4608.0
-5312.0
-6528.0
1152.0
-896.0
-5184.0
