-576.0
-1408.0
128.0
3712.0
4992.0
-256.0
-1792.0
-3584.0
-3712.0
-1280.0
-64.0
640.0
1344.0
1536.0
3264.0
4288.0
2944.0
4736.0
6656.0
6016.0
3840.0
-1408.0
576.0
4800.0
8192.0
4992.0
-2368.0
-4160.0
-3264.0
0.0
320.0
-384.0
-2688.0
-2624.0
-1408.0
-640.0
-128.0
320.0
-384.0
-576.0
1152.0
2432.0
2496.0
2112.0
1536.0
448.0
64.0
-256.0
64.0
-256.0
-1664.0
-1600.0
-960.0
64.0
512.0
832.0
64.0
-256.0
512.0
1344.0
2048.0
3584.0
3648.0
3136.0
704.0
2048.0
2304.0
128.0
-2304.0
-4160.0
-2560.0
-1344.0
-640.0
-832.0
64.0
832.0
2048.0
3648.0
3392.0
2880.0
3840.0
3328.0
2432.0
2560.0
2112.0
1664.0
1792.0
2048.0
2752.0
3392.0
3264.0
3264.0
3264.0
3648.0
3776.0
4160.0
3200.0
1664.0
576.0
-64.0
64.0
640.0
256.0
-64.0
1280.0
1152.0
-2880.0
-2432.0
1024.0
0.0
-320.0
1088.0
2496.0
2112.0
832.0
1536.0
1664.0
1408.0
1536.0
1280.0
1152.0
1408.0
1472.0
1088.0
2176.0
2368.0
1216.0
1600.0
1600.0
1152.0
448.0
256.0
1344.0
640.0
768.0
896.0
1728.0
896.0
1152.0
832.0
2304.0
2560.0
1792.0
2880.0
2624.0
2304.0
1856.0
1664.0
3648.0
3392.0
1216.0
1792.0
1344.0
896.0
128.0
128.0
320.0
576.0
896.0
1536.0
1600.0
2944.0
4288.0
4672.0
2880.0
1088.0
832.0
-256.0
-1856.0
192.0
1920.0
2432.0
1664.0
3584.0
4352.0
2112.0
2560.0
2368.0
1024.0
960.0
576.0
-128.0
-1792.0
384.0
384.0
2304.0
3136.0
2240.0
2496.0
1472.0
4672.0
2368.0
1856.0
1792.0
2624.0
-448.0
128.0
384.0
960.0
2176.0
2112.0
3456.0
3072.0
2944.0
1536.0
1280.0
-256.0
-2496.0
-1088.0
-2240.0
-64.0
384.0
2880.0
3776.0
1472.0
2240.0
1664.0
2304.0
-128.0
-1088.0
1792.0
1792.0
512.0
1408.0
704.0
1280.0
768.0
448.0
896.0
-1856.0
-320.0
640.0
3200.0
1152.0
2944.0
2752.0
3392.0
1408.0
-2496.0
256.0
2048.0
3392.0
-192.0
896.0
1152.0
3008.0
3072.0
1472.0
-448.0
-1216.0
3072.0
3648.0
4608.0
320.0
256.0
2816.0
512.0
-448.0
-832.0
2880.0
3328.0
2560.0
-2176.0
-192.0
1792.0
320.0
2368.0
3648.0
4928.0
4352.0
2880.0
3712.0
2624.0
-896.0
-1984.0
-3136.0
768.0
3072.0
2048.0
4416.0
2432.0
2688.0
-1792.0
1280.0
4416.0
4352.0
-896.0
448.0
0.0
1216.0
2112.0
2176.0
832.0
-448.0
1280.0
704.0
-1664.0
-1280.0
704.0
-192.0
-192.0
1664.0
1408.0
1024.0
2816.0
1536.0
1536.0
-1152.0
1280.0
2048.0
1280.0
-1536.0
256.0
1088.0
2624.0
4288.0
-192.0
2880.0
1856.0
-64.0
-1792.0
-2112.0
-1088.0
1216.0
3456.0
2112.0
832.0
448.0
-384.0
-1664.0
192.0
1600.0
2432.0
5248.0
1920.0
-768.0
-1280.0
-256.0
704.0
-2624.0
1408.0
4352.0
4544.0
1856.0
896.0
2752.0
-576.0
2560.0
-576.0
2112.0
-896.0
1472.0
-256.0
-832.0
3264.0
-1344.0
-2048.0
-1792.0
1792.0
4352.0
3648.0
6528.0
1856.0
-1920.0
-1152.0
192.0
3392.0
3520.0
6080.0
1472.0
-4288.0
512.0
2688.0
4352.0
4480.0
-3008.0
-2304.0
4992.0
5824.0
5248.0
-2688.0
-512.0
1600.0
-64.0
-1536.0
-1600.0
1408.0
832.0
4288.0
4288.0
8128.0
3008.0
832.0
1472.0
-448.0
1536.0
640.0
1536.0
-1472.0
-2496.0
-2176.0
-1536.0
-1856.0
704.0
4864.0
6144.0
4544.0
-1920.0
-3968.0
-1984.0
-1856.0
3328.0
3136.0
-256.0
-704.0
1152.0
3840.0
7488.0
1408.0
64.0
-2176.0
-2048.0
-1408.0
320.0
704.0
1984.0
2880.0
1536.0
6016.0
5696.0
-640.0
1152.0
960.0
3072.0
-1920.0
-2496.0
-1024.0
-1984.0
2752.0
5824.0
3584.0
-3392.0
-256.0
-3136.0
-640.0
5568.0
4288.0
-576.0
-1728.0
384.0
256.0
1856.0
3968.0
3776.0
2496.0
2112.0
2496.0
3008.0
1600.0
-832.0
-1664.0
1472.0
320.0
3328.0
-2240.0
-5504.0
-2496.0
-4352.0
3840.0
4928.0
5696.0
-1728.0
-2048.0
-1856.0
192.0
-832.0
64.0
1984.0
1280.0
-1728.0
-320.0
832.0
1280.0
1792.0
1280.0
-960.0
-2432.0
-2816.0
-768.0
1216.0
2304.0
2496.0
-1024.0
3456.0
3840.0
512.0
-704.0
1280.0
3648.0
4032.0
5312.0
1472.0
64.0
4032.0
6336.0
-704.0
-128.0
-1728.0
4608.0
3392.0
7232.0
2944.0
-3072.0
1472.0
2624.0
-64.0
-3328.0
-256.0
1600.0
3968.0
3456.0
448.0
-640.0
-2880.0
4224.0
3648.0
-3392.0
-2944.0
-2048.0
1280.0
-2112.0
384.0
0.0
4800.0
3904.0
-64.0
-1984.0
-3840.0
-1216.0
192.0
5120.0
3776.0
5568.0
1600.0
2432.0
-1024.0
-1792.0
-320.0
2304.0
1280.0
-1408.0
-1600.0
64.0
4672.0
3072.0
5824.0
-2752.0
-3136.0
5824.0
7488.0
2048.0
3392.0
960.0
-3712.0
576.0
192.0
9024.0
2816.0
3968.0
-192.0
704.0
1920.0
1408.0
-2112.0
-192.0
-192.0
3904.0
5184.0
896.0
4992.0
-2112.0
-2816.0
-2496.0
-384.0
1216.0
1856.0
128.0
2624.0
-1472.0
-2880.0
-2560.0
-1984.0
896.0
320.0
448.0
-832.0
6080.0
3008.0
-1600.0
-1536.0
-1664.0
-192.0
640.0
-1856.0
-2816.0
768.0
1152.0
-1664.0
-2944.0
-6016.0
-5632.0
-3584.0
-1024.0
7616.0
3328.0
5312.0
-384.0
4736.0
-192.0
-576.0
4480.0
-1664.0
704.0
4160.0
2496.0
-1280.0
-1216.0
-448.0
4416.0
2304.0
5376.0
3200.0
2176.0
1024.0
-1664.0
-1600.0
-1152.0
-1664.0
960.0
960.0
5120.0
1472.0
256.0
4160.0
1344.0
-3904.0
-832.0
-3584.0
192.0
-3072.0
-3264.0
-1856.0
-1856.0
-4480.0
0.0
3968.0
3648.0
1152.0
3904.0
4160.0
4032.0
832.0
-2240.0
3392.0
-2816.0
-1728.0
3072.0
448.0
1280.0
-2624.0
1536.0
1152.0
1856.0
12800.0
-384.0
3008.0
-2304.0
384.0
-512.0
3200.0
448.0
2176.0
2624.0
704.0
5824.0
3584.0
5248.0
-640.0
-3584.0
-3392.0
-320.0
-320.0
-1024.0
-1152.0
-3072.0
-4352.0
-5568.0
-3648.0
-1920.0
320.0
2432.0
576.0
-2112.0
-512.0
-1152.0
-1344.0
-1024.0
896.0
1600.0
5184.0
4096.0
896.0
3200.0
4032.0
192.0
5312.0
2368.0
4032.0
2304.0
-1280.0
2560.0
-1856.0
768.0
-1600.0
-5248.0
1856.0
2240.0
2240.0
5440.0
3392.0
-2880.0
640.0
-192.0
1280.0
-896.0
-1536.0
-512.0
2112.0
4416.0
832.0
-448.0
768.0
-2112.0
-704.0
3072.0
-384.0
1280.0
384.0
1984.0
1088.0
2624.0
-320.0
-640.0
640.0
-1280.0
320.0
128.0
-768.0
-1728.0
-4992.0
-5440.0
-5056.0
1600.0
5440.0
-256.0
-256.0
1792.0
-2432.0
-5504.0
8640.0
11392.0
9728.0
5888.0
2624.0
-5504.0
-6656.0
-1280.0
-192.0
-3584.0
3648.0
1536.0
-5440.0
832.0
3008.0
-384.0
-4608.0
1856.0
5504.0
5312.0
832.0
2560.0
3904.0
1600.0
2048.0
2624.0
-4352.0
-5184.0
-3520.0
256.0
-256.0
-7168.0
-10496.0
-5312.0
1472.0
1024.0
6272.0
15872.0
3136.0
-1408.0
-1856.0
-192.0
-7488.0
-3520.0
1344.0
3776.0
7168.0
7872.0
8192.0
4288.0
0.0
-1088.0
64.0
-128.0
192.0
448.0
192.0
-704.0
-1728.0
2816.0
7552.0
-3904.0
-3776.0
-4160.0
-6656.0
-5952.0
-256.0
832.0
2752.0
896.0
-128.0
832.0
3136.0
128.0
2496.0
5696.0
-832.0
-3264.0
-4800.0
-6528.0
-9984.0
-8192.0
-1408.0
1792.0
576.0
8256.0
10112.0
12480.0
9664.0
3264.0
-1920.0
-3008.0
-4096.0
3392.0
3840.0
15232.0
12352.0
6272.0
-10048.0
-6656.0
-1408.0
2304.0
-3520.0
-960.0
-320.0
-4224.0
-1920.0
-512.0
512.0
4224.0
320.0
-3008.0
-1408.0
2048.0
1920.0
-1152.0
2880.0
3776.0
2368.0
896.0
2944.0
1664.0
960.0
1728.0
-960.0
576.0
-1088.0
2048.0
2880.0
2240.0
2944.0
-2560.0
-2432.0
-1344.0
2176.0
7424.0
6080.0
1152.0
1216.0
-1472.0
-256.0
-1664.0
3328.0
10304.0
5888.0
-1024.0
-6848.0
-5184.0
-1408.0
1344.0
1472.0
-2624.0
-3328.0
-7872.0
-8064.0
-4160.0
-3008.0
384.0
3072.0
6848.0
6528.0
3264.0
3328.0
1984.0
768.0
-7488.0
-7360.0
-704.0
640.0
1344.0
4864.0
4288.0
3392.0
1856.0
1856.0
7872.0
4160.0
-5376.0
-3904.0
5248.0
256.0
-8576.0
640.0
1344.0
-2496.0
-4416.0
1344.0
4288.0
5824.0
2752.0
4608.0
384.0
2240.0
-384.0
-2368.0
-576.0
-832.0
-4800.0
-5824.0
-10816.0
-8640.0
-2624.0
1984.0
1728.0
2432.0
-896.0
-1984.0
-2304.0
1408.0
7552.0
9344.0
4416.0
2752.0
2560.0
4160.0
-1472.0
-448.0
-4096.0
-320.0
0.0
1856.0
4864.0
4096.0
-768.0
-8128.0
-5568.0
-1472.0
-3904.0
8640.0
7616.0
640.0
-9344.0
-5248.0
6400.0
3648.0
-64.0
1344.0
-576.0
-2048.0
-6720.0
-8000.0
-5824.0
-768.0
-2624.0
768.0
4736.0
5248.0
5056.0
5120.0
7936.0
13440.0
10560.0
-3072.0
-3072.0
1344.0
14912.0
14336.0
-960.0
-7744.0
-5120.0
-5504.0
-2496.0
2304.0
4288.0
-2368.0
-3584.0
-3264.0
-384.0
1600.0
2112.0
192.0
-896.0
2432.0
2112.0
-1152.0
-4864.0
2560.0
5568.0
4096.0
64.0
-3264.0
-2752.0
-4416.0
-320.0
-832.0
1664.0
3072.0
9088.0
1792.0
-1920.0
-64.0
128.0
9472.0
5248.0
-576.0
-896.0
1216.0
2176.0
6080.0
3712.0
-1024.0
-2560.0
2624.0
-7616.0
-6528.0
192.0
2112.0
-1664.0
-1728.0
-3904.0
-8768.0
-1984.0
2432.0
10880.0
-1984.0
576.0
512.0
384.0
2880.0
1216.0
-1472.0
-8000.0
3136.0
832.0
5120.0
3904.0
448.0
1344.0
3136.0
192.0
-1600.0
-3328.0
-4864.0
5568.0
6848.0
-4352.0
-2560.0
-3648.0
-1472.0
-2688.0
5312.0
1856.0
-960.0
-576.0
2112.0
7104.0
5184.0
2880.0
1664.0
2816.0
448.0
-8320.0
-13504.0
-17152.0
-14272.0
-6016.0
-1728.0
-2240.0
-960.0
-832.0
2816.0
14784.0
18880.0
11072.0
3072.0
3904.0
3456.0
-1856.0
-3584.0
960.0
4608.0
3456.0
2496.0
832.0
-5120.0
-3136.0
-3520.0
-1216.0
-320.0
5888.0
-1024.0
2368.0
3072.0
-4864.0
-2560.0
-1984.0
-5184.0
-7168.0
256.0
4416.0
1280.0
-2304.0
64.0
4672.0
5376.0
5568.0
6080.0
7936.0
7744.0
12160.0
1152.0
-3392.0
4288.0
9472.0
2624.0
4480.0
4416.0
-7040.0
-12992.0
-8512.0
-5312.0
-4480.0
8832.0
4672.0
-2496.0
-1088.0
4224.0
4928.0
320.0
1152.0
1408.0
-3392.0
-6208.0
2688.0
4096.0
832.0
896.0
-1408.0
-7232.0
-4608.0
-6976.0
-3136.0
-1088.0
2688.0
-704.0
4096.0
1664.0
-128.0
128.0
-1216.0
2048.0
12480.0
320.0
960.0
-5568.0
-9536.0
-1344.0
2752.0
1920.0
1664.0
768.0
-4608.0
-6656.0
2688.0
2944.0
-2880.0
-5568.0
-3968.0
-4352.0
384.0
1152.0
320.0
1664.0
1344.0
2112.0
1984.0
4096.0
1472.0
1984.0
5440.0
576.0
5568.0
2048.0
-3648.0
-4160.0
-3840.0
-2560.0
-3520.0
8384.0
4032.0
-2176.0
-512.0
-1920.0
-1856.0
1408.0
-2112.0
-256.0
5376.0
8768.0
64.0
576.0
5248.0
4160.0
2624.0
256.0
1472.0
-1088.0
-13696.0
-16512.0
-12672.0
-5376.0
-2112.0
-5312.0
-7424.0
-3392.0
-704.0
-192.0
5568.0
7744.0
13952.0
15232.0
5952.0
1728.0
1920.0
5440.0
4288.0
2752.0
-832.0
-10816.0
-10624.0
-6592.0
-6912.0
-8064.0
-4288.0
25472.0
4416.0
-7424.0
-9472.0
-8960.0
-6336.0
-3456.0
-448.0
512.0
2048.0
0.0
2304.0
1792.0
4224.0
7104.0
8960.0
11584.0
6400.0
2624.0
1216.0
16000.0
13248.0
11072.0
-7616.0
-6656.0
-7168.0
-7232.0
-9536.0
-12288.0
-5632.0
-5696.0
-4480.0
15104.0
10368.0
-704.0
-1152.0
-1280.0
-1024.0
-10944.0
-5376.0
2944.0
1920.0
2432.0
2048.0
-640.0
-3776.0
-7552.0
-4224.0
-4224.0
-4160.0
-1728.0
-1408.0
448.0
384.0
2176.0
4544.0
6208.0
4672.0
8448.0
10304.0
3392.0
-576.0
-2048.0
1536.0
960.0
6976.0
5440.0
-384.0
-6336.0
-5760.0
-4032.0
-11008.0
-11520.0
-8384.0
-1280.0
320.0
17536.0
7168.0
-4096.0
-4736.0
768.0
640.0
2560.0
4288.0
1024.0
2944.0
4416.0
3264.0
1856.0
5184.0
-3072.0
-2624.0
-4736.0
-11392.0
-14912.0
-6848.0
-2688.0
5568.0
17408.0
-5248.0
512.0
384.0
960.0
6016.0
3520.0
4096.0
5504.0
5568.0
4224.0
3840.0
2496.0
-2816.0
-11584.0
-16384.0
-20224.0
-13568.0
-1152.0
-384.0
-2176.0
-3520.0
2688.0
2880.0
2048.0
5888.0
5184.0
2368.0
4608.0
4864.0
6080.0
1984.0
5056.0
448.0
896.0
1920.0
4672.0
-4736.0
-7616.0
-5760.0
-2048.0
-2624.0
-9472.0
-5376.0
-8576.0
0.0
2688.0
2624.0
-1024.0
-320.0
3584.0
-320.0
-2112.0
704.0
4224.0
7808.0
7680.0
2880.0
448.0
4096.0
5312.0
7872.0
12032.0
3328.0
4928.0
2560.0
-1152.0
-5952.0
-5888.0
-11584.0
-5888.0
576.0
-896.0
1920.0
1152.0
-3648.0
-7680.0
-768.0
5248.0
-2880.0
-4160.0
-512.0
-1600.0
320.0
5056.0
4352.0
2560.0
2240.0
3200.0
1792.0
1664.0
-5888.0
-6784.0
-1984.0
2496.0
-1856.0
-5440.0
-896.0
6720.0
11136.0
10880.0
-1728.0
-8512.0
-1792.0
4160.0
3264.0
-4544.0
-4672.0
-1536.0
4608.0
11264.0
3072.0
-1152.0
-2240.0
-12608.0
-16768.0
-12800.0
-2944.0
2304.0
4096.0
4352.0
5120.0
6464.0
4544.0
1216.0
4608.0
8320.0
-2496.0
-3328.0
-5568.0
-3264.0
-5440.0
-4800.0
-3712.0
128.0
6464.0
2496.0
1024.0
4608.0
5632.0
6400.0
6912.0
4352.0
7104.0
2944.0
