-14784.0
-4096.0
6976.0
6976.0
1088.0
-3264.0
-5696.0
-3776.0
1472.0
384.0
-512.0
-1536.0
-1856.0
-1664.0
-64.0
-256.0
-768.0
-1472.0
-2368.0
1088.0
2816.0
3904.0
6016.0
7488.0
14464.0
13248.0
6912.0
-896.0
-1472.0
-1152.0
5568.0
6976.0
3776.0
2816.0
1728.0
1728.0
-640.0
-3392.0
-2688.0
-832.0
1728.0
1536.0
320.0
-2048.0
-1600.0
-576.0
1856.0
1920.0
512.0
-384.0
-192.0
-256.0
-896.0
448.0
768.0
64.0
-2944.0
-6080.0
-4096.0
320.0
-384.0
1344.0
2368.0
1408.0
7168.0
4032.0
8832.0
5248.0
2240.0
0.0
-1280.0
-512.0
-704.0
-384.0
0.0
1280.0
1600.0
1856.0
2304.0
2560.0
2816.0
2816.0
2240.0
1984.0
1920.0
1600.0
1536.0
1856.0
1792.0
1408.0
1600.0
1792.0
1472.0
704.0
576.0
64.0
0.0
256.0
704.0
1536.0
1408.0
1344.0
1024.0
640.0
576.0
192.0
192.0
1280.0
1792.0
1664.0
1024.0
576.0
128.0
448.0
960.0
1792.0
896.0
448.0
448.0
1088.0
1600.0
1088.0
1536.0
1728.0
1984.0
2560.0
1984.0
1344.0
3008.0
3712.0
3648.0
2176.0
1728.0
2048.0
1088.0
320.0
256.0
192.0
768.0
576.0
640.0
1536.0
2432.0
1984.0
2560.0
2944.0
3968.0
4672.0
4608.0
3712.0
3584.0
1664.0
64.0
0.0
-640.0
-192.0
-512.0
64.0
1536.0
-384.0
448.0
384.0
2368.0
2432.0
3200.0
1408.0
1280.0
1536.0
64.0
576.0
1472.0
2048.0
256.0
1472.0
1600.0
1472.0
2752.0
1344.0
-1472.0
-1920.0
-640.0
-1088.0
64.0
640.0
2304.0
2688.0
2752.0
4288.0
3456.0
3776.0
3840.0
3456.0
960.0
256.0
-448.0
-576.0
320.0
832.0
1280.0
2176.0
1920.0
2368.0
1344.0
-1216.0
-1472.0
-2368.0
-1600.0
512.0
896.0
1344.0
1280.0
2048.0
4800.0
3264.0
3776.0
1152.0
128.0
960.0
2752.0
3328.0
960.0
2432.0
1856.0
-320.0
0.0
-576.0
-1216.0
-832.0
640.0
960.0
256.0
3072.0
1280.0
3008.0
896.0
768.0
1280.0
3776.0
3200.0
1024.0
1536.0
1216.0
384.0
320.0
-960.0
-256.0
-1344.0
4288.0
1280.0
3264.0
2560.0
3968.0
2688.0
-768.0
-896.0
-1856.0
0.0
448.0
2752.0
3392.0
4992.0
0.0
-1088.0
-832.0
-1408.0
-64.0
1792.0
2368.0
2816.0
1792.0
192.0
-1152.0
-1408.0
-1984.0
-1216.0
1280.0
704.0
4544.0
3008.0
1472.0
-704.0
-1472.0
1216.0
3264.0
512.0
768.0
1344.0
-704.0
-2112.0
-640.0
1536.0
832.0
4992.0
4928.0
4800.0
384.0
192.0
-192.0
1536.0
1216.0
2240.0
3456.0
1216.0
-2752.0
-1152.0
128.0
3072.0
4096.0
7616.0
2816.0
-1536.0
-2176.0
-1216.0
576.0
640.0
3968.0
2816.0
320.0
0.0
-1472.0
1280.0
320.0
3392.0
4224.0
-4544.0
-2368.0
-3712.0
768.0
1088.0
1600.0
4864.0
1984.0
1920.0
-1024.0
896.0
2496.0
3904.0
5696.0
3456.0
3840.0
1536.0
-960.0
2048.0
448.0
-768.0
-448.0
-64.0
2368.0
1728.0
1152.0
-512.0
1216.0
4864.0
1984.0
832.0
1600.0
3328.0
1728.0
3136.0
192.0
5376.0
3200.0
4288.0
1088.0
-3904.0
-960.0
-768.0
-2688.0
-1920.0
-3328.0
-128.0
-896.0
2176.0
3648.0
3264.0
640.0
1280.0
-1472.0
-2176.0
2368.0
1536.0
-896.0
64.0
640.0
-3008.0
640.0
320.0
1728.0
6080.0
2304.0
1984.0
-256.0
-512.0
1856.0
1408.0
-640.0
192.0
2880.0
2944.0
1472.0
-2496.0
-192.0
-768.0
5312.0
2304.0
2880.0
128.0
-256.0
-1536.0
-640.0
2176.0
7552.0
4864.0
768.0
3456.0
1536.0
1088.0
-1664.0
-2112.0
-1408.0
-448.0
-2240.0
-2816.0
-3712.0
-2112.0
2560.0
3904.0
3776.0
4864.0
5696.0
-256.0
128.0
-1920.0
-1024.0
1600.0
960.0
640.0
576.0
-1216.0
320.0
704.0
1536.0
1920.0
-384.0
896.0
3840.0
3840.0
448.0
-2368.0
-1536.0
1472.0
2944.0
1536.0
-320.0
1664.0
-320.0
2368.0
128.0
384.0
-384.0
0.0
-1536.0
1664.0
576.0
6848.0
3840.0
256.0
-768.0
-1216.0
-1216.0
4480.0
4352.0
3712.0
3456.0
-1536.0
1472.0
-3264.0
-2368.0
-2240.0
-3712.0
-2752.0
-3264.0
4544.0
960.0
3840.0
5632.0
2880.0
4352.0
832.0
704.0
3392.0
2112.0
3392.0
1664.0
2112.0
2176.0
1088.0
-640.0
2624.0
6848.0
4736.0
3648.0
448.0
512.0
-2048.0
-3840.0
-2048.0
-4544.0
-1280.0
-4288.0
-1920.0
1088.0
1408.0
-2624.0
-448.0
-1600.0
2176.0
832.0
-1088.0
-1216.0
-576.0
-1152.0
7040.0
128.0
960.0
768.0
1792.0
1920.0
2688.0
3264.0
5440.0
4992.0
5248.0
4288.0
512.0
2944.0
1408.0
4800.0
-64.0
-2176.0
-704.0
128.0
0.0
-3200.0
-1408.0
-3968.0
4032.0
2752.0
832.0
-448.0
2048.0
256.0
64.0
-1088.0
1728.0
1984.0
3008.0
4160.0
-1792.0
-1664.0
-832.0
896.0
-576.0
-1152.0
640.0
2048.0
5184.0
512.0
3712.0
4544.0
1216.0
-2176.0
-576.0
960.0
448.0
704.0
384.0
512.0
960.0
3968.0
-128.0
512.0
-4032.0
-3584.0
-1792.0
-4480.0
-1600.0
2688.0
1280.0
2752.0
2752.0
1664.0
5120.0
-1536.0
-1984.0
-256.0
1664.0
-1408.0
-1088.0
8640.0
3008.0
5632.0
6976.0
7168.0
4608.0
-1856.0
-768.0
1152.0
384.0
-768.0
256.0
-448.0
448.0
-1216.0
-2688.0
1856.0
-2368.0
-576.0
-128.0
704.0
512.0
-768.0
512.0
192.0
-960.0
-1408.0
-1600.0
1216.0
2496.0
768.0
-1664.0
-192.0
-3392.0
-1728.0
-1472.0
2816.0
576.0
2816.0
7552.0
7488.0
576.0
2752.0
1344.0
1984.0
-1664.0
896.0
896.0
-832.0
-1536.0
0.0
128.0
3072.0
-2816.0
-4800.0
-1792.0
1408.0
3200.0
5248.0
384.0
832.0
1856.0
-256.0
64.0
-1344.0
-2880.0
-2240.0
2624.0
5248.0
4224.0
1472.0
-576.0
-1280.0
-3584.0
-4160.0
-3072.0
-2496.0
-192.0
448.0
4032.0
4864.0
2880.0
3392.0
-1280.0
-768.0
3008.0
3392.0
1408.0
-896.0
-1792.0
-832.0
-4352.0
320.0
14016.0
-1408.0
7104.0
-512.0
1920.0
1152.0
2240.0
4800.0
-1280.0
4672.0
2112.0
4928.0
128.0
1216.0
1216.0
5120.0
960.0
576.0
-1536.0
4672.0
4032.0
-64.0
-576.0
-8000.0
-6720.0
-3776.0
-3968.0
-256.0
-704.0
-960.0
4032.0
5568.0
-3904.0
-6912.0
-6848.0
384.0
6848.0
10880.0
3840.0
1600.0
3328.0
6528.0
4608.0
1280.0
-1088.0
5824.0
8896.0
-256.0
1536.0
-5568.0
-8576.0
-2432.0
-512.0
-2816.0
2176.0
2496.0
-576.0
-4288.0
-3328.0
-1024.0
576.0
4992.0
9536.0
5888.0
-2368.0
-1536.0
-896.0
1408.0
1408.0
2624.0
3904.0
4224.0
-128.0
-640.0
-832.0
-192.0
1600.0
-1472.0
-5504.0
-10496.0
-11328.0
-7104.0
-4672.0
-448.0
1280.0
-192.0
5056.0
-896.0
1664.0
4672.0
5120.0
2816.0
3776.0
4288.0
2432.0
3200.0
5056.0
7616.0
10496.0
192.0
3648.0
1280.0
2432.0
-1216.0
-384.0
1920.0
-5760.0
-1792.0
640.0
-3392.0
-4608.0
64.0
2304.0
2304.0
6720.0
1792.0
0.0
-9664.0
-6208.0
768.0
5952.0
-1024.0
-5696.0
704.0
1984.0
-5120.0
-4992.0
-2304.0
2496.0
-1344.0
1728.0
7104.0
6592.0
832.0
192.0
512.0
-768.0
-2112.0
-5248.0
3392.0
6464.0
1408.0
-896.0
-4288.0
-9664.0
-3584.0
3968.0
17536.0
16960.0
2048.0
384.0
1408.0
-10752.0
-5632.0
2688.0
5312.0
3264.0
-256.0
-384.0
-7552.0
-7680.0
-3840.0
1984.0
4800.0
6336.0
4416.0
1408.0
1344.0
-3776.0
-5120.0
-8064.0
-5824.0
-7168.0
-5888.0
-1664.0
576.0
448.0
9408.0
5504.0
2560.0
4864.0
2240.0
1984.0
2368.0
4928.0
1600.0
4544.0
8192.0
5248.0
-2304.0
1408.0
5376.0
4544.0
4288.0
7680.0
4352.0
512.0
-9344.0
-10880.0
-9024.0
-5696.0
896.0
896.0
256.0
-1344.0
1344.0
-2560.0
384.0
1088.0
2112.0
5632.0
8960.0
1536.0
2112.0
1856.0
1408.0
2624.0
384.0
-64.0
-128.0
1280.0
-1280.0
704.0
448.0
2880.0
3200.0
-3072.0
-2688.0
-3392.0
4672.0
3328.0
-512.0
192.0
-64.0
6336.0
4224.0
3776.0
3136.0
1664.0
768.0
3712.0
5312.0
4672.0
2176.0
-2304.0
-8768.0
-5440.0
-6208.0
-9856.0
-16512.0
576.0
1088.0
-640.0
-4544.0
-960.0
-512.0
-3904.0
-4928.0
1216.0
2496.0
2752.0
5696.0
9472.0
20800.0
9600.0
4992.0
1728.0
5184.0
4096.0
2304.0
-6464.0
-10048.0
-3776.0
-384.0
192.0
-2048.0
-1408.0
2176.0
128.0
3008.0
1856.0
-2176.0
-6080.0
-448.0
1600.0
640.0
-1792.0
-960.0
-2944.0
-5376.0
896.0
-1664.0
-3008.0
-704.0
2112.0
832.0
-1472.0
2624.0
5440.0
11648.0
9600.0
3264.0
2688.0
1024.0
-6208.0
-13504.0
-1408.0
3072.0
6528.0
6336.0
5824.0
4224.0
1344.0
-2432.0
-4608.0
-1856.0
0.0
1472.0
1664.0
1216.0
640.0
896.0
-320.0
4608.0
3456.0
640.0
-2112.0
-7936.0
-12352.0
-12224.0
-3072.0
-1664.0
-5312.0
-2432.0
-2688.0
320.0
896.0
448.0
3712.0
3392.0
14400.0
16768.0
9536.0
1152.0
-1408.0
-2048.0
-3136.0
2816.0
8192.0
9600.0
4736.0
2432.0
1216.0
-1856.0
-11136.0
-6336.0
-2816.0
-3264.0
-1600.0
5376.0
12608.0
2688.0
-2560.0
-12224.0
-7104.0
1536.0
2816.0
8448.0
4608.0
1600.0
1664.0
-384.0
448.0
256.0
-1408.0
-5888.0
1024.0
-256.0
832.0
1472.0
1984.0
704.0
-192.0
13568.0
1600.0
-1280.0
6848.0
4928.0
-4288.0
-704.0
448.0
3392.0
3392.0
832.0
1216.0
-2496.0
-4608.0
-2624.0
-832.0
-11776.0
-12416.0
-10368.0
-448.0
-1216.0
-640.0
-1664.0
832.0
-6528.0
-4992.0
1216.0
3200.0
4480.0
3584.0
3968.0
6912.0
8960.0
13504.0
9024.0
3008.0
3776.0
-1216.0
-8384.0
-3968.0
-3328.0
-4416.0
-512.0
2112.0
3968.0
5696.0
6720.0
1024.0
-1664.0
512.0
-6144.0
-7232.0
-5248.0
-3264.0
-1024.0
64.0
-1280.0
-2752.0
-7232.0
-6720.0
-1664.0
2496.0
1088.0
4480.0
2048.0
1472.0
3328.0
2432.0
3648.0
1728.0
1280.0
-10688.0
2496.0
4288.0
25088.0
13568.0
2752.0
320.0
-1280.0
-13504.0
-16512.0
-2688.0
2048.0
2048.0
3264.0
2112.0
6528.0
6720.0
192.0
-1600.0
-5760.0
-6272.0
-5504.0
-5312.0
-7488.0
-6400.0
-2496.0
-1152.0
768.0
3136.0
1024.0
1984.0
3136.0
7680.0
2560.0
64.0
6016.0
6976.0
3968.0
3840.0
3584.0
3392.0
3008.0
7552.0
4224.0
1792.0
4096.0
-704.0
-8320.0
-7936.0
-6272.0
256.0
-1344.0
-2944.0
-8576.0
-3776.0
2560.0
2048.0
448.0
704.0
896.0
-1152.0
-7552.0
-1344.0
1280.0
896.0
3456.0
2240.0
2496.0
2240.0
2944.0
5440.0
7040.0
7936.0
1600.0
2432.0
5312.0
2368.0
-4032.0
-6272.0
-1280.0
704.0
5568.0
8768.0
-896.0
-1472.0
-3136.0
-2240.0
-448.0
-1920.0
-1600.0
-2240.0
-9600.0
-7488.0
-1728.0
-4672.0
-7424.0
-4736.0
-384.0
1152.0
2240.0
3840.0
4160.0
4864.0
10688.0
2688.0
3456.0
1856.0
-4992.0
-13248.0
-1920.0
1024.0
8704.0
7232.0
1088.0
-768.0
6080.0
9152.0
128.0
-1216.0
-1536.0
-2496.0
384.0
64.0
-3904.0
-4928.0
-4544.0
-2240.0
-4544.0
-9856.0
-6528.0
-3904.0
-1344.0
3456.0
6144.0
256.0
256.0
832.0
1920.0
4096.0
4608.0
2048.0
1984.0
-12544.0
-3520.0
11264.0
16768.0
12992.0
-1856.0
-4032.0
-19904.0
-1856.0
-64.0
5952.0
9472.0
5760.0
7040.0
5312.0
2432.0
-2880.0
-3072.0
-3200.0
-3776.0
-3648.0
-576.0
-6272.0
-2432.0
-6400.0
-256.0
2688.0
4224.0
5760.0
5568.0
4544.0
4608.0
6336.0
2560.0
4288.0
5760.0
1344.0
-2240.0
6528.0
8704.0
5824.0
-2368.0
-2752.0
-5120.0
-3840.0
-7552.0
-4096.0
-1600.0
5184.0
14656.0
-1152.0
-1664.0
-8000.0
-12096.0
-3904.0
192.0
-576.0
960.0
-3392.0
-4032.0
-1600.0
0.0
-1600.0
-1472.0
-896.0
-2560.0
5056.0
7616.0
13312.0
15168.0
128.0
-5056.0
6016.0
7488.0
2048.0
2624.0
5440.0
2880.0
576.0
704.0
1856.0
-320.0
-1472.0
-18944.0
-15232.0
-2304.0
-3584.0
-2240.0
-6272.0
-3392.0
-3200.0
-3328.0
-1920.0
-1600.0
-128.0
2112.0
20160.0
15680.0
1536.0
-2944.0
-128.0
256.0
192.0
-832.0
7872.0
10368.0
9344.0
-4352.0
-6528.0
1536.0
-1792.0
448.0
2816.0
1280.0
-10304.0
-7744.0
1600.0
5696.0
-8704.0
-8640.0
-8384.0
-6656.0
-2176.0
-2304.0
5056.0
-832.0
2304.0
1216.0
-192.0
-896.0
-960.0
-128.0
-2496.0
-64.0
-3392.0
-2368.0
-10688.0
-3520.0
-1280.0
5312.0
21056.0
-1408.0
-13184.0
-5120.0
-1664.0
4800.0
14080.0
9472.0
-512.0
-256.0
-3840.0
-3776.0
-2112.0
-2368.0
-5824.0
-5632.0
-832.0
-2176.0
1280.0
-7296.0
-4480.0
-3136.0
5696.0
11520.0
20992.0
-2112.0
384.0
-4160.0
-4224.0
-384.0
5056.0
10048.0
6656.0
-3584.0
10816.0
6400.0
4416.0
64.0
-3136.0
-1024.0
-512.0
-2816.0
-4992.0
-4800.0
-128.0
1280.0
-1088.0
-64.0
-1600.0
-1088.0
-1856.0
-7232.0
-2176.0
0.0
4608.0
5952.0
15552.0
6144.0
1792.0
-12160.0
-12544.0
-10752.0
-11712.0
-8576.0
-9536.0
-576.0
14528.0
3392.0
11072.0
10368.0
-1024.0
3968.0
-256.0
-384.0
2560.0
4096.0
576.0
128.0
-1152.0
-832.0
-4992.0
-12032.0
-10688.0
-4928.0
-4032.0
-4544.0
-5056.0
-2240.0
320.0
5312.0
6592.0
704.0
-512.0
-64.0
-1088.0
-1472.0
6400.0
384.0
-384.0
5696.0
9088.0
2880.0
-1024.0
1664.0
5056.0
4544.0
3584.0
-7168.0
