12352
32064
24960
11840
-3904
-14272
-18560
-14976
-8128
8448
8704
3776
-3456
-3840
-1536
-768
-1280
-256
-128
1088
-64
-640
-1344
-448
3584
7680
7296
8192
12672
11648
1024
-6400
-7616
13440
11968
448
-3264
-4288
576
3584
6400
8704
5568
-1664
-2688
-1600
1664
2112
1216
-1664
-1664
-1024
-1408
-1408
-128
384
896
2496
3136
1280
-576
-1920
-448
128
-64
-1408
640
2048
1280
-256
-1152
2560
9600
4800
-6208
-9600
-5120
-4288
-5056
-2432
-960
-704
1984
5376
6208
6272
6976
7616
9216
6464
6720
6336
6400
5824
5888
4928
3776
2432
1984
448
192
128
448
640
640
832
448
640
384
832
320
-576
-256
-512
-832
-1152
-448
-256
128
64
320
1088
2432
2752
2496
2560
3456
4352
3008
1280
1024
2176
448
-64
640
896
-384
128
960
1920
1664
1856
3456
3392
2688
1408
1728
768
448
-1152
-448
-1344
-384
-64
192
-320
960
1664
2944
2560
3840
4160
3520
1152
960
832
1344
1792
1216
1088
1088
1792
2496
2176
2368
1472
-448
-256
320
1216
1344
1408
640
1856
2240
2432
2944
1280
576
256
2304
2368
1152
1024
-128
-64
-192
-1088
-1728
-1600
0
576
1792
2112
2688
2688
4224
4672
3392
2368
1472
896
2368
2048
2752
3072
3328
832
384
-1024
-2112
-1280
-192
-1152
192
960
2112
960
1472
576
0
704
1856
1344
2368
832
-640
-256
-768
-320
576
2112
896
2944
2752
4416
2880
2688
1984
2496
1792
1536
1088
1280
1024
128
960
896
1536
1088
2816
1088
4864
2432
192
-1664
-192
-640
1856
2624
2944
1472
2048
704
384
-320
-704
1280
2944
3072
2048
-576
-256
-1024
-256
2432
2816
2624
1920
640
1344
1344
384
704
1856
0
-1536
-2112
-832
512
2752
2752
2560
1536
896
1600
-448
1792
2176
768
1088
-576
320
1408
3392
3456
5312
320
576
-1856
-256
832
320
2048
1856
896
896
2112
2560
2560
2176
896
704
-1664
-1600
-1024
-768
192
-256
1664
960
2560
1600
3136
3328
2688
4288
3392
704
2816
2432
2368
-256
-320
512
-576
1216
2112
-128
2560
2048
-320
1536
1472
4352
1472
576
-128
-192
-704
-1728
-1152
-832
-1856
1792
-320
3008
1920
384
0
1216
704
1408
256
-1088
-192
64
-1536
448
-1024
1856
3328
3776
2112
3008
-1024
-1472
960
1344
1600
3328
1664
1728
4672
-640
960
-1216
1984
-896
1344
1984
832
2816
3456
4288
4288
128
448
2816
576
0
-832
-1344
-1536
-896
-768
-1600
1344
2496
512
832
-512
-384
-2112
1280
1280
2432
2304
1024
2560
-960
-2176
-2368
64
0
2496
-512
1728
3584
2624
3328
2304
-1088
-1600
-1984
-2048
1088
-320
2304
2944
2944
4032
2688
2304
1920
-576
-960
-1344
384
-1792
-384
-128
832
5568
7488
6272
1920
-384
2176
128
640
640
1664
3520
4096
1088
1600
1792
1152
2368
1280
-1920
-1408
-1920
-832
-320
640
-576
256
-384
1024
2432
128
1920
-1088
-1600
-2112
-3264
-1600
-832
-3968
-2496
-3776
1920
1792
960
1600
192
4032
1984
-1920
-2368
-832
4992
0
1472
-576
3136
64
2624
-384
-64
2688
1472
3776
-1600
4672
2752
5824
-128
-2304
-2624
-2752
-2304
-1024
1600
3456
3584
2240
640
640
2176
1472
192
0
384
1728
-832
640
-1536
1088
2240
896
512
-2048
1344
2304
-1792
64
-448
-1280
-640
2368
3840
-1216
-1152
-2944
2112
960
7488
2880
-1600
-3200
-4928
-2048
4416
8448
3904
2688
2240
-3392
-1152
-1728
1920
4352
2240
-768
-2112
2304
3328
4224
1664
7424
3200
3968
5120
2496
-3328
-1024
0
-768
2944
1024
-5760
-3072
0
-2112
-3392
-1920
1792
-1408
-1920
-2688
-960
1728
1216
3200
384
4224
1600
2112
-192
256
-1344
-2944
1920
5120
448
3328
-2944
192
2560
2752
-2368
2816
3136
-1024
1472
-1856
4672
-832
2880
1664
1408
64
0
768
512
-640
-128
-896
2176
-448
-1152
-1664
832
384
4992
-2304
-960
-704
1472
4864
128
-1792
1920
-320
-1280
-2624
-832
-10240
-8896
-5952
7296
7232
4224
-832
1088
4224
4544
3904
3904
7040
4608
2304
3776
3904
1152
1024
384
-1600
-1600
-2752
-5440
-6080
-448
1088
1088
-2496
-1152
-1472
1408
64
-5888
-4672
-1472
64
-1280
1472
3776
2240
2496
768
-2304
-1792
-2304
832
2304
2176
3520
384
256
-6464
-6272
-1600
-512
9728
13568
6016
-1344
-960
704
-1344
2304
-5952
-3328
2176
1664
2176
3904
2880
-4928
1472
4160
6720
-768
-1408
4416
-5952
-6784
-4800
7296
6976
-1664
-1664
-448
-4608
-8704
-384
128
1344
-832
-3200
-4288
384
2368
3328
-2176
704
1088
768
-448
-704
-896
9600
5440
7808
-2752
3648
13888
10176
3776
-192
-2432
-256
-7680
-2944
-3200
-2624
-704
-3648
-6144
-6784
2176
4288
7104
3200
2368
2176
-512
-640
2560
128
-3712
-3712
-1600
-2944
-2176
-3200
-2752
512
1536
11520
4800
-3520
-3264
896
-2176
8320
4544
3328
4224
4352
1088
3392
320
-3072
-192
-1024
-3072
-832
6464
8000
1472
-2304
-1472
1472
5696
5120
-6080
-5888
-8128
-832
2944
6336
-192
-4352
-9600
-9024
960
1408
704
-1472
-3008
1024
5504
10304
8384
2240
1216
3072
12992
4864
-1984
-1280
-192
128
2944
-1024
-6400
-8576
-6592
-3392
2112
192
6848
4416
1344
3520
-832
-2112
-3904
-4480
-5696
1984
4800
4608
4608
1536
1280
1728
-1280
-64
-896
-4288
-9408
-12224
-2304
-1472
10944
17280
4224
4096
3520
3008
3264
2880
3456
1664
1216
-960
320
576
-64
-768
640
6144
6144
-10240
-11776
-7040
-512
5248
3840
-1280
-4608
-704
384
1536
3264
1408
-1472
-256
896
-2880
-3712
-512
-4288
-896
4288
384
4224
7552
5312
7552
16064
10176
2496
1984
1728
-11328
-8192
-5376
-192
1536
-2176
-7552
-7488
3776
3136
4736
4352
4416
-5888
-5696
-4416
-4672
-4032
192
-2432
-3072
-448
-1472
1344
-576
960
-128
-2176
1664
3008
3968
1472
3968
3328
1216
1856
-512
1088
2752
2240
2240
2560
2496
128
1920
2624
-704
-192
768
256
-1280
-12864
-6080
-1280
1984
1856
2944
-640
320
-4800
-3584
3776
4480
2048
-1152
2304
2432
9536
3584
1152
1600
2816
5568
4416
-2176
-5504
-5120
-13312
-8576
-2048
-64
-192
8192
-2112
2432
2240
640
-640
-2944
-1088
1984
3264
4352
2880
3904
2560
-2880
-6208
-1984
-1920
-5632
-11712
-12224
-7680
-704
2048
10496
28608
18176
2816
3520
1920
3584
3904
3648
5696
6272
-64
-384
-4928
-2368
1536
-1152
-4736
-9536
-9536
-6528
-4544
960
3072
2176
2240
960
1088
2048
2112
1984
2496
-576
-11456
-4800
1664
-448
512
1536
3584
4224
8768
3328
1344
5760
-13120
-8448
-704
7424
8128
4608
-7360
-4992
6144
7168
2816
1856
2240
1856
-6848
-8832
-1856
1216
-576
-192
-3712
-3264
-2560
-1152
-2624
-1600
896
3392
1856
4800
4800
3072
-8064
1600
1984
1920
2176
1920
2432
3200
4160
3392
-192
2624
-704
-640
512
-3520
-7040
-8896
-4032
2880
1280
1856
1344
-768
2048
640
2304
2624
2112
2688
1792
2496
2432
2240
3712
1152
2624
2880
1152
1024
-7744
-9856
-6528
-1472
-512
-2752
-704
-256
2176
2240
768
2240
3456
-704
2496
5312
5440
3392
2368
576
-1088
-4608
-10112
-9984
-14208
-14400
-14016
-1216
2304
2240
3136
4608
15488
26432
17600
3520
2240
896
2688
-768
-2112
-6080
-2816
1792
-4416
-6848
-8448
-4480
-64
576
576
-448
128
1152
640
192
448
2752
3456
3776
5184
3712
1216
-2432
-2240
1728
4864
3648
4672
-1344
-3520
-512
-3968
-1856
64
4224
10112
1024
-448
5632
-1216
2048
-1280
-2176
-960
-1664
-3840
-10368
-6912
-4224
-1536
-2816
-1792
-2240
-960
-448
832
960
1472
1920
576
1600
1280
1664
1856
4224
2304
5568
3968
8960
-6400
-12864
128
384
2112
-6016
-5824
-5888
-1856
-3712
64
192
1472
3264
8448
-832
-320
-6208
-1536
-1536
576
64
384
2368
6016
8832
2816
-1216
5696
3264
7232
5760
-640
-6784
-5120
-7040
-8576
-1600
-896
11584
-384
3328
-1344
-2176
-2048
-1472
-960
256
2752
4672
2688
1216
2240
1472
-448
-13312
-15872
-14912
-3904
-576
-2880
-2176
-5312
448
18304
22016
5248
1792
5760
4864
3008
1280
3776
4800
3072
-2880
832
768
-3264
-12032
-11968
-12480
-4672
-2048
-4288
896
6208
3264
11712
13824
2240
-640
-2112
-1216
-1280
2880
8576
10432
3712
4544
-1600
-256
-4992
-9600
1536
5760
9344
-1408
-8704
-4608
-5056
1344
6528
2688
1536
-2176
-6784
-9984
-8128
896
-256
960
2304
1408
-128
128
-3776
-5824
-704
-768
-1600
-768
2688
2880
3264
11072
15872
5696
-3456
960
11392
-2496
-9088
-9024
1024
1152
5952
-128
-8256
-7488
-2496
3264
6912
-448
-2368
1024
5312
4544
3200
768
960
896
0
256
3008
0
7360
704
-6912
-4352
-3392
-1408
4864
128
5312
-2432
-13760
-7808
5696
1600
-2112
-4224
-4480
-1024
1152
1856
3008
4096
4160
2432
-192
1856
5952
6848
448
1856
2112
-256
-8896
-21376
-16896
-9088
-3136
-1664
26752
20416
17600
2816
448
-448
-1856
-320
192
1344
2240
-128
-2112
-2944
-8192
-4800
-2688
-3200
-4736
128
-1536
-1152
-832
256
-704
2240
5760
7808
6592
9792
2880
-3200
0
-2432
-512
2752
5184
-5504
-5888
