10432.0
7296.0
4672.0
-2048.0
-4736.0
-5248.0
-1920.0
-704.0
-640.0
-1920.0
-1792.0
-192.0
-192.0
-448.0
-1600.0
-768.0
0.0
64.0
-576.0
-1216.0
-1856.0
-896.0
1216.0
3968.0
5632.0
7872.0
14912.0
11712.0
5120.0
-3968.0
-6208.0
192.0
8512.0
7040.0
4032.0
832.0
2560.0
4992.0
3840.0
960.0
-1472.0
-1408.0
448.0
-1664.0
-2048.0
832.0
2944.0
3840.0
2240.0
384.0
-1088.0
-576.0
448.0
1344.0
576.0
-960.0
-1152.0
704.0
2240.0
2432.0
1664.0
320.0
-704.0
-3264.0
-4032.0
0.0
3008.0
3392.0
1920.0
1408.0
1856.0
0.0
-2112.0
704.0
2048.0
-2944.0
-3712.0
-2624.0
-2176.0
-1152.0
-2624.0
-960.0
3840.0
5632.0
5760.0
5504.0
4992.0
4992.0
5056.0
4800.0
5120.0
4480.0
2688.0
2368.0
2304.0
1984.0
1024.0
-64.0
-704.0
-384.0
-576.0
-832.0
-448.0
-832.0
-960.0
-576.0
448.0
1856.0
2368.0
2624.0
2048.0
2752.0
2816.0
2176.0
1344.0
2112.0
3136.0
2368.0
1472.0
704.0
1024.0
1344.0
1088.0
-576.0
-832.0
2176.0
640.0
1408.0
1088.0
1728.0
3200.0
2688.0
1600.0
2560.0
3264.0
2752.0
320.0
512.0
256.0
704.0
192.0
-320.0
704.0
1088.0
-128.0
512.0
2176.0
2176.0
1088.0
2560.0
3840.0
2304.0
1216.0
1664.0
2048.0
1216.0
-1088.0
-128.0
320.0
-1152.0
1536.0
1216.0
832.0
1408.0
2496.0
3840.0
2880.0
3072.0
3584.0
2048.0
896.0
-384.0
-320.0
64.0
832.0
1088.0
384.0
1344.0
1408.0
3648.0
3200.0
2688.0
1920.0
640.0
-256.0
-384.0
1600.0
2176.0
192.0
-576.0
512.0
1024.0
3328.0
4608.0
2304.0
448.0
-1344.0
384.0
384.0
-64.0
1792.0
448.0
1600.0
2880.0
704.0
-1152.0
-1536.0
-2048.0
768.0
1856.0
2624.0
2880.0
3584.0
2560.0
2816.0
4096.0
3520.0
384.0
-256.0
320.0
768.0
1152.0
2112.0
2752.0
-64.0
1920.0
-256.0
-704.0
-1920.0
1024.0
0.0
1088.0
3712.0
6400.0
4096.0
3840.0
2112.0
-1024.0
-1536.0
1536.0
2368.0
256.0
1984.0
832.0
1792.0
704.0
-2112.0
-512.0
1792.0
896.0
2304.0
3776.0
4352.0
3392.0
4352.0
1280.0
256.0
192.0
1600.0
3456.0
4672.0
1472.0
-1920.0
-2368.0
-2624.0
-704.0
-640.0
1024.0
1984.0
1984.0
1664.0
3584.0
-1088.0
-960.0
1664.0
1024.0
3136.0
3200.0
5824.0
-448.0
-1280.0
128.0
576.0
1664.0
448.0
640.0
192.0
512.0
384.0
1728.0
2176.0
1536.0
2112.0
2368.0
2816.0
1984.0
3264.0
-832.0
-256.0
-192.0
1408.0
960.0
960.0
-2304.0
-1984.0
-3328.0
448.0
1792.0
5312.0
6592.0
3968.0
-640.0
192.0
-64.0
-768.0
2176.0
2368.0
2496.0
2688.0
-1664.0
-1984.0
-1600.0
2432.0
2240.0
3584.0
-704.0
-1216.0
-128.0
2304.0
-2496.0
-960.0
0.0
-2432.0
-3520.0
-1792.0
-448.0
1664.0
5696.0
5824.0
-1408.0
-832.0
3840.0
3136.0
3328.0
0.0
-192.0
-1408.0
-832.0
1472.0
640.0
1152.0
3520.0
1664.0
2944.0
1664.0
-2560.0
-1408.0
384.0
-1344.0
-1728.0
-256.0
704.0
3392.0
1216.0
4864.0
-128.0
640.0
4544.0
1600.0
3584.0
2944.0
1408.0
2816.0
256.0
1600.0
2048.0
-1344.0
-4480.0
-1728.0
-768.0
-1600.0
-576.0
-704.0
1344.0
-2432.0
-1088.0
320.0
-640.0
-2624.0
448.0
2432.0
1024.0
832.0
0.0
2304.0
896.0
1344.0
4800.0
3200.0
-448.0
-1920.0
1984.0
256.0
4736.0
5248.0
2880.0
832.0
-640.0
192.0
3904.0
4928.0
448.0
2304.0
-1088.0
-3776.0
-2816.0
512.0
2560.0
5248.0
6400.0
512.0
0.0
3264.0
6208.0
10112.0
1600.0
2176.0
-192.0
-1664.0
-2112.0
-5248.0
-2816.0
-1280.0
-128.0
1408.0
3456.0
4096.0
3264.0
-2752.0
-192.0
704.0
5184.0
4480.0
-1600.0
-1088.0
-1792.0
-3392.0
-1216.0
2752.0
2368.0
2368.0
1664.0
-704.0
-896.0
1472.0
384.0
-320.0
960.0
1216.0
576.0
4224.0
640.0
1152.0
-128.0
1280.0
1408.0
2560.0
960.0
-320.0
3264.0
2048.0
2304.0
3904.0
3072.0
-960.0
-2752.0
-2816.0
-128.0
-320.0
-1408.0
-384.0
-3008.0
3520.0
6656.0
7104.0
4608.0
-2944.0
1280.0
576.0
-1216.0
1216.0
768.0
-1856.0
6464.0
4928.0
5888.0
-576.0
4032.0
3072.0
4096.0
-1088.0
2368.0
1792.0
3072.0
5056.0
1536.0
448.0
-5120.0
-3136.0
-3776.0
-2240.0
1600.0
2752.0
-64.0
512.0
-3072.0
-5504.0
-6144.0
-256.0
-832.0
-1920.0
-1344.0
-832.0
1408.0
4864.0
512.0
640.0
1408.0
1600.0
5120.0
512.0
-192.0
-896.0
3328.0
1216.0
3584.0
2368.0
2240.0
-896.0
3072.0
2624.0
2240.0
4736.0
3008.0
2368.0
-384.0
4416.0
-768.0
-1984.0
1728.0
1920.0
2368.0
4800.0
7232.0
-2880.0
-3264.0
-2368.0
-3264.0
-256.0
192.0
6528.0
4992.0
3520.0
-3008.0
-1792.0
-3200.0
1216.0
640.0
2560.0
1216.0
256.0
-4416.0
64.0
1664.0
2048.0
1088.0
2496.0
3136.0
-704.0
-1728.0
1280.0
-960.0
1088.0
1024.0
384.0
-2112.0
-2112.0
1024.0
832.0
1792.0
1728.0
-512.0
-3904.0
-5568.0
-1920.0
-1344.0
5504.0
1152.0
4864.0
384.0
-1408.0
2624.0
-1856.0
512.0
-1088.0
2304.0
4160.0
4864.0
1856.0
-2176.0
3712.0
1344.0
704.0
3456.0
5312.0
8128.0
192.0
384.0
-320.0
-1216.0
320.0
-1984.0
-768.0
-1152.0
-4224.0
-1920.0
64.0
-2944.0
-2880.0
-2304.0
-64.0
-1536.0
-3200.0
-1856.0
768.0
1280.0
384.0
128.0
1856.0
3520.0
1920.0
2368.0
1280.0
-1600.0
-1792.0
0.0
-384.0
-384.0
3392.0
1088.0
6144.0
3136.0
5376.0
-2176.0
2880.0
896.0
7232.0
1728.0
-2304.0
-3392.0
-3136.0
256.0
1216.0
3200.0
1152.0
1856.0
-768.0
-960.0
1536.0
1152.0
-832.0
1152.0
-1024.0
-2944.0
-1024.0
896.0
1344.0
704.0
2368.0
1536.0
1344.0
1792.0
-128.0
2176.0
2752.0
-896.0
-1024.0
-2944.0
-1536.0
-1152.0
1088.0
-1280.0
-1216.0
-1664.0
640.0
-2560.0
-384.0
-1728.0
320.0
960.0
448.0
1472.0
-2432.0
2304.0
3328.0
8128.0
4352.0
3328.0
3584.0
6080.0
4864.0
4928.0
5440.0
1920.0
768.0
320.0
-640.0
-704.0
192.0
-1152.0
-2048.0
-3392.0
-1728.0
-4224.0
-2944.0
-3584.0
-3776.0
-3072.0
-4480.0
-2880.0
640.0
-256.0
896.0
-192.0
-1088.0
832.0
1024.0
2112.0
3648.0
4992.0
4032.0
7424.0
4608.0
1536.0
4352.0
3136.0
512.0
4544.0
896.0
1472.0
-1408.0
-768.0
-2176.0
384.0
192.0
-2304.0
-3712.0
-3392.0
-1216.0
3904.0
4928.0
6720.0
2880.0
-1728.0
-1792.0
-3136.0
1344.0
3776.0
4032.0
-64.0
2176.0
1280.0
768.0
3264.0
3328.0
768.0
-576.0
-1984.0
768.0
-1344.0
-1600.0
1280.0
-11840.0
-7552.0
-2624.0
-5504.0
-9600.0
-7104.0
-1984.0
-320.0
3776.0
10496.0
12160.0
6016.0
1536.0
1152.0
1600.0
1728.0
-3648.0
2560.0
3904.0
1664.0
2432.0
1408.0
64.0
12096.0
7808.0
-4544.0
1344.0
384.0
-3968.0
-768.0
-4480.0
-6144.0
-5184.0
2688.0
4160.0
-3264.0
-2432.0
4160.0
-2624.0
768.0
9728.0
-4352.0
-3392.0
64.0
-3200.0
-3456.0
-1024.0
2176.0
1280.0
-1344.0
-2048.0
448.0
64.0
-320.0
-896.0
-704.0
-448.0
17472.0
5504.0
1152.0
-4032.0
-2304.0
192.0
-1856.0
-3392.0
-1408.0
1792.0
2624.0
2176.0
4608.0
4352.0
4352.0
-128.0
10304.0
4864.0
-64.0
6144.0
704.0
-7104.0
-4736.0
-2624.0
1088.0
256.0
-3584.0
-5056.0
-8192.0
-6592.0
-1536.0
-832.0
7680.0
3520.0
1600.0
-4160.0
-9152.0
-11328.0
-3072.0
2112.0
192.0
-1472.0
-512.0
4160.0
8960.0
12480.0
2176.0
640.0
2432.0
4032.0
2560.0
2688.0
-2240.0
-6592.0
-4096.0
-1984.0
-2496.0
-3968.0
1472.0
1856.0
-896.0
-2240.0
-3904.0
-4992.0
-2496.0
-640.0
-448.0
-384.0
-832.0
2240.0
9024.0
7104.0
2560.0
1600.0
2496.0
256.0
256.0
4416.0
7360.0
13312.0
-5504.0
-3456.0
-4672.0
-3584.0
-4672.0
-3136.0
1344.0
9920.0
-1856.0
-4672.0
-6528.0
-2368.0
26176.0
4672.0
-8960.0
-11584.0
-2240.0
-1216.0
2048.0
2944.0
5376.0
-1664.0
-4288.0
-4352.0
3072.0
6528.0
448.0
-1472.0
-4928.0
-7808.0
-7360.0
-6848.0
-5504.0
-2560.0
-5760.0
-4800.0
-3840.0
-832.0
-768.0
1280.0
11648.0
5632.0
6336.0
8448.0
7808.0
10624.0
7488.0
9280.0
3008.0
-2176.0
-4928.0
1216.0
256.0
-9280.0
-3072.0
9280.0
6528.0
-4352.0
-1472.0
-5696.0
-6464.0
-3200.0
-192.0
-2240.0
2432.0
5056.0
512.0
2240.0
704.0
1152.0
1472.0
1792.0
2048.0
128.0
2112.0
-3584.0
-9408.0
-5888.0
-1472.0
-2176.0
-1856.0
-896.0
1728.0
2880.0
5184.0
4288.0
3968.0
1600.0
704.0
1920.0
-4672.0
960.0
4096.0
2368.0
3456.0
-1792.0
1152.0
3840.0
2432.0
5824.0
3840.0
-1472.0
-1408.0
1408.0
640.0
-5248.0
-8448.0
-3584.0
-3456.0
-1152.0
-640.0
-1408.0
-1600.0
-256.0
-1216.0
-832.0
128.0
512.0
-2176.0
3584.0
2176.0
3392.0
3712.0
4032.0
5056.0
7488.0
7936.0
4544.0
4032.0
3072.0
-768.0
512.0
-5952.0
-5184.0
-5184.0
-2944.0
2176.0
1280.0
-4672.0
-2944.0
-3968.0
-64.0
-320.0
1728.0
1088.0
1152.0
1984.0
704.0
960.0
2176.0
1984.0
2752.0
2048.0
3904.0
2752.0
896.0
3008.0
-6080.0
-2368.0
-1920.0
-9024.0
-10624.0
4032.0
3072.0
960.0
-4224.0
-1664.0
-4224.0
768.0
1536.0
2496.0
4608.0
10688.0
8448.0
5120.0
3264.0
1856.0
2304.0
4800.0
3968.0
2112.0
-192.0
-1920.0
1600.0
-5184.0
-14208.0
-5440.0
-5760.0
-9408.0
-6912.0
-256.0
-2432.0
-512.0
2432.0
2240.0
2880.0
4480.0
2560.0
3584.0
6592.0
7936.0
8576.0
5760.0
2688.0
2816.0
-10496.0
-10112.0
-1024.0
768.0
384.0
256.0
-1600.0
-5888.0
-1984.0
2816.0
3904.0
-1536.0
-3200.0
576.0
2688.0
896.0
1344.0
4288.0
8384.0
5696.0
1216.0
512.0
960.0
-8384.0
-12672.0
-7168.0
-3840.0
-2944.0
0.0
-192.0
960.0
1216.0
1600.0
1728.0
-1472.0
-7040.0
-960.0
2432.0
3648.0
5568.0
6720.0
8704.0
9920.0
5248.0
-960.0
3712.0
-5952.0
-11840.0
-11776.0
-8768.0
-2304.0
-704.0
-1792.0
1408.0
-1728.0
-4224.0
-1536.0
896.0
3904.0
8704.0
896.0
320.0
-1216.0
-2304.0
1792.0
-1152.0
6208.0
8832.0
5696.0
-1600.0
-1280.0
5504.0
4096.0
-896.0
448.0
-1536.0
-1472.0
-6912.0
-6016.0
6336.0
192.0
-3392.0
-4416.0
-2048.0
1920.0
1920.0
-4288.0
-1792.0
576.0
-128.0
7616.0
1088.0
-832.0
384.0
448.0
1344.0
1984.0
896.0
1920.0
768.0
-1856.0
-5760.0
-4864.0
256.0
768.0
-1088.0
-3264.0
-5184.0
-5760.0
10688.0
8576.0
8256.0
0.0
-3328.0
-64.0
0.0
1088.0
6208.0
11840.0
2240.0
768.0
-704.0
256.0
1856.0
2688.0
256.0
-640.0
-9344.0
-9920.0
-12672.0
-17472.0
-9600.0
-1472.0
-256.0
9024.0
8704.0
1408.0
0.0
-1088.0
7872.0
11648.0
10752.0
1472.0
1408.0
-1216.0
-7680.0
2240.0
6144.0
4224.0
832.0
-2368.0
-13632.0
-7168.0
0.0
-3136.0
3328.0
3072.0
-1152.0
-1664.0
4352.0
6080.0
-960.0
1152.0
2176.0
-1088.0
1216.0
-64.0
-5760.0
-5376.0
-6528.0
1024.0
2176.0
1088.0
1536.0
256.0
896.0
3264.0
-3392.0
-11840.0
4992.0
16960.0
13504.0
6848.0
3904.0
2304.0
320.0
5696.0
4352.0
3328.0
-2176.0
-9792.0
-6144.0
-1792.0
-640.0
-576.0
-4800.0
-9024.0
-2240.0
3584.0
5184.0
-64.0
-896.0
-5632.0
-4032.0
1472.0
1856.0
-1344.0
-5632.0
1152.0
7936.0
10880.0
12288.0
-512.0
-2816.0
-6912.0
3520.0
1088.0
3648.0
-2752.0
-4928.0
320.0
0.0
1088.0
-3136.0
256.0
1856.0
5056.0
1152.0
-64.0
3584.0
-2688.0
-2304.0
-704.0
896.0
960.0
2560.0
640.0
640.0
640.0
1088.0
-2176.0
-3136.0
-1280.0
-3520.0
-7616.0
-2048.0
8896.0
9088.0
-3456.0
-12224.0
-4160.0
-2304.0
4160.0
10688.0
5632.0
7616.0
9920.0
4160.0
-384.0
-704.0
-1856.0
-1856.0
384.0
-960.0
-2048.0
-9088.0
-8000.0
-4352.0
-2880.0
-4352.0
-8128.0
-3264.0
-1664.0
-384.0
3584.0
4224.0
1024.0
960.0
8704.0
2624.0
-320.0
-1024.0
-2304.0
-3520.0
7104.0
5760.0
9408.0
12416.0
7040.0
-704.0
-1600.0
-1600.0
-18752.0
-21632.0
-14400.0
2304.0
19264.0
30976.0
-2048.0
-11072.0
-7552.0
-3456.0
-2816.0
3200.0
2112.0
-512.0
-384.0
-3776.0
256.0
896.0
640.0
512.0
832.0
1664.0
1344.0
3264.0
-10048.0
-15936.0
-3392.0
27456.0
25984.0
8512.0
-11776.0
-2176.0
4096.0
5376.0
1408.0
-9472.0
1472.0
1024.0
-384.0
-640.0
-8768.0
-10048.0
-14720.0
256.0
1344.0
14592.0
832.0
-1152.0
-3136.0
-12352.0
-7424.0
448.0
11712.0
-1280.0
-2368.0
4672.0
8640.0
3840.0
-4736.0
-6912.0
-2240.0
1984.0
-576.0
-1984.0
1280.0
-1024.0
2624.0
6016.0
7168.0
-7552.0
-512.0
20224.0
4544.0
-2176.0
-3712.0
-11712.0
-7040.0
-8064.0
1472.0
2240.0
1600.0
1920.0
1600.0
1600.0
3072.0
5504.0
5056.0
-1024.0
-5376.0
-6976.0
-11648.0
-14080.0
-13440.0
-6208.0
-1472.0
2368.0
11264.0
5504.0
7360.0
18112.0
17024.0
2944.0
-4992.0
-6336.0
5376.0
4928.0
3136.0
8064.0
6144.0
4608.0
1856.0
-3264.0
-20096.0
-25280.0
-15936.0
-3712.0
-4160.0
-832.0
11008.0
6528.0
