-512.0
-896.0
-640.0
-320.0
-640.0
-64.0
192.0
1344.0
2240.0
2176.0
3328.0
3648.0
2944.0
2880.0
1792.0
704.0
768.0
832.0
512.0
512.0
0.0
-256.0
960.0
2624.0
2816.0
2368.0
1856.0
1152.0
1088.0
768.0
64.0
-448.0
-704.0
-512.0
-512.0
320.0
192.0
832.0
640.0
64.0
-576.0
-1856.0
-1408.0
-960.0
64.0
2880.0
3328.0
3456.0
3264.0
1472.0
256.0
-1472.0
-1728.0
-1536.0
-1664.0
-64.0
1408.0
2368.0
896.0
512.0
640.0
384.0
448.0
256.0
-960.0
-1344.0
-1408.0
320.0
1600.0
896.0
1408.0
512.0
192.0
1728.0
1152.0
2944.0
1472.0
-576.0
-896.0
-896.0
-1664.0
-1088.0
-1088.0
-192.0
1536.0
1472.0
2944.0
3072.0
-704.0
-384.0
0.0
448.0
384.0
-1920.0
1600.0
1280.0
1024.0
256.0
896.0
2112.0
3072.0
1536.0
320.0
448.0
640.0
192.0
320.0
448.0
128.0
-1472.0
-3456.0
-704.0
1728.0
896.0
-512.0
2304.0
1024.0
448.0
2432.0
2176.0
1152.0
832.0
768.0
1472.0
192.0
-1344.0
-960.0
-640.0
384.0
1216.0
1280.0
192.0
832.0
3776.0
192.0
704.0
2560.0
704.0
-1280.0
-1088.0
-1728.0
-2752.0
-1024.0
4352.0
2240.0
3456.0
3712.0
2048.0
1152.0
0.0
-1664.0
-1728.0
-2048.0
-2368.0
-1216.0
1152.0
2048.0
3584.0
1216.0
2560.0
-128.0
0.0
192.0
-832.0
-1408.0
2816.0
2240.0
2752.0
1472.0
2624.0
576.0
320.0
-384.0
-1472.0
-2880.0
-1408.0
-256.0
-448.0
128.0
3072.0
1472.0
-128.0
1088.0
-576.0
-1344.0
576.0
320.0
256.0
-832.0
-512.0
-832.0
-384.0
576.0
-832.0
-576.0
320.0
-128.0
0.0
5184.0
4928.0
3904.0
2944.0
-768.0
-384.0
256.0
448.0
256.0
0.0
1728.0
4544.0
256.0
-640.0
-640.0
-320.0
-1280.0
-1536.0
-1280.0
-1920.0
-1344.0
-384.0
-384.0
576.0
448.0
1856.0
768.0
1728.0
1152.0
1408.0
-896.0
-256.0
-640.0
64.0
1856.0
2944.0
2880.0
896.0
1024.0
64.0
-64.0
-320.0
-2048.0
-1408.0
64.0
576.0
-384.0
-256.0
-128.0
448.0
320.0
1024.0
2304.0
1536.0
256.0
192.0
1472.0
128.0
128.0
128.0
576.0
-64.0
-192.0
1024.0
1792.0
1472.0
1472.0
1792.0
2048.0
2368.0
832.0
576.0
-1152.0
-192.0
-768.0
-1280.0
-1792.0
-832.0
128.0
1088.0
384.0
128.0
-576.0
1856.0
1792.0
384.0
-1152.0
320.0
64.0
-64.0
0.0
1280.0
1024.0
1152.0
2112.0
448.0
576.0
1216.0
320.0
-1024.0
-704.0
0.0
128.0
-1088.0
-576.0
64.0
320.0
704.0
-320.0
320.0
512.0
-640.0
-448.0
-640.0
1216.0
-256.0
-64.0
2368.0
2624.0
2112.0
-256.0
-640.0
256.0
-64.0
-1472.0
-2112.0
-1280.0
-768.0
-1664.0
-320.0
-192.0
640.0
-1344.0
-1600.0
1536.0
2112.0
1920.0
1408.0
1600.0
1088.0
640.0
704.0
768.0
-576.0
0.0
896.0
1600.0
1408.0
1216.0
1088.0
1280.0
-64.0
0.0
0.0
256.0
-256.0
576.0
1280.0
1984.0
1536.0
1280.0
384.0
384.0
1344.0
384.0
-1536.0
-1280.0
-1664.0
-1728.0
-1920.0
-832.0
576.0
960.0
960.0
896.0
512.0
-256.0
-1408.0
-2112.0
-2048.0
-2048.0
-1792.0
-192.0
384.0
1088.0
704.0
1664.0
384.0
-64.0
704.0
1152.0
384.0
-640.0
576.0
1408.0
2880.0
3264.0
1984.0
1024.0
-320.0
-192.0
384.0
2496.0
896.0
1792.0
2368.0
3328.0
1088.0
512.0
-1088.0
0.0
512.0
-1216.0
-3968.0
-1216.0
-384.0
-640.0
1216.0
64.0
1472.0
2112.0
1856.0
384.0
128.0
768.0
-576.0
-1024.0
-1216.0
512.0
1408.0
1408.0
704.0
0.0
1088.0
576.0
2112.0
-64.0
-896.0
-1152.0
-1344.0
-1344.0
-1984.0
-704.0
-640.0
-128.0
576.0
-1536.0
-1728.0
384.0
320.0
-128.0
576.0
1472.0
2432.0
2368.0
-1344.0
-2240.0
-1472.0
-640.0
-1344.0
-2240.0
-960.0
64.0
1024.0
1920.0
1408.0
2880.0
3200.0
2688.0
2432.0
1344.0
128.0
-832.0
-1664.0
-3968.0
-5440.0
-4736.0
-2368.0
1472.0
3328.0
3712.0
5120.0
4992.0
4928.0
4608.0
4480.0
5248.0
3200.0
-1088.0
-4032.0
-6144.0
-6080.0
-7680.0
-8704.0
-7104.0
-5184.0
512.0
1984.0
1664.0
7360.0
8128.0
6528.0
6400.0
-1600.0
-1856.0
512.0
-2752.0
-4928.0
-3584.0
-128.0
-576.0
512.0
-64.0
5440.0
6272.0
1152.0
768.0
1088.0
512.0
768.0
1600.0
1024.0
-640.0
1024.0
128.0
384.0
-512.0
-1088.0
-960.0
-1664.0
1024.0
1792.0
1152.0
960.0
-64.0
1152.0
-256.0
-1280.0
-768.0
0.0
-1984.0
-1280.0
-1408.0
-448.0
64.0
384.0
832.0
1152.0
1024.0
-384.0
-1344.0
-1472.0
-2752.0
-3584.0
-4224.0
-4096.0
-2560.0
128.0
896.0
1856.0
2368.0
1984.0
-576.0
-960.0
0.0
64.0
-704.0
-1600.0
-1664.0
1792.0
1344.0
2240.0
3008.0
2368.0
2496.0
1856.0
2432.0
5056.0
3136.0
704.0
-576.0
1600.0
128.0
-256.0
-704.0
-2432.0
-3648.0
-1792.0
-1152.0
-1280.0
-512.0
1088.0
640.0
-3136.0
-2496.0
-2432.0
-2752.0
-2752.0
-2880.0
-64.0
576.0
-2112.0
-1280.0
128.0
1728.0
2432.0
1344.0
2368.0
1920.0
832.0
-2112.0
320.0
-1280.0
256.0
-448.0
-896.0
-832.0
192.0
2752.0
4096.0
3712.0
1600.0
1024.0
1408.0
2176.0
1664.0
384.0
2304.0
1856.0
2048.0
-1792.0
-3904.0
-2880.0
-256.0
-768.0
-384.0
576.0
704.0
-1600.0
-704.0
-1856.0
-2304.0
-2176.0
960.0
1472.0
2368.0
2112.0
512.0
-1088.0
-1216.0
-2560.0
-2624.0
-4864.0
-4736.0
-2496.0
-1472.0
-576.0
-576.0
1472.0
2048.0
1984.0
1472.0
2368.0
-576.0
-960.0
192.0
2240.0
3008.0
2880.0
6976.0
7808.0
11648.0
7680.0
5056.0
2688.0
832.0
-960.0
-3968.0
-8512.0
-6528.0
-7616.0
-8064.0
-6528.0
-5952.0
-1152.0
3776.0
5248.0
9664.0
7744.0
1728.0
-4416.0
-3776.0
-2624.0
-2432.0
-384.0
-2688.0
-2560.0
-1408.0
-2112.0
-1216.0
-832.0
-1856.0
-1088.0
3072.0
2880.0
3136.0
3264.0
1984.0
1728.0
1856.0
-2624.0
-1984.0
-1024.0
128.0
-640.0
1792.0
1024.0
1984.0
4160.0
1920.0
4096.0
2688.0
2112.0
1152.0
-1600.0
-2688.0
-3840.0
-3968.0
-4800.0
-3456.0
-1216.0
-192.0
-768.0
512.0
-1024.0
-1472.0
-1920.0
-2112.0
-1280.0
-576.0
576.0
0.0
576.0
896.0
1792.0
1664.0
2304.0
1920.0
1408.0
1408.0
1024.0
1536.0
3072.0
1408.0
704.0
-1024.0
-576.0
-1600.0
-896.0
-896.0
-1984.0
-2240.0
-2240.0
-1664.0
-2368.0
256.0
192.0
896.0
-1792.0
-1664.0
-1152.0
-512.0
192.0
1152.0
1792.0
1024.0
832.0
1088.0
-2688.0
-3584.0
-2112.0
-2240.0
-896.0
-704.0
128.0
960.0
2688.0
3136.0
3520.0
6208.0
5184.0
4480.0
3520.0
3072.0
-1088.0
-1664.0
-2496.0
-3456.0
-1024.0
-896.0
-832.0
320.0
0.0
-2432.0
-3328.0
-2240.0
-1600.0
-1984.0
384.0
1856.0
1664.0
-576.0
-1344.0
-1728.0
-3072.0
-3840.0
-3520.0
-2304.0
-768.0
-960.0
-1024.0
-448.0
-576.0
-192.0
-3904.0
-4864.0
-1152.0
-576.0
2688.0
5696.0
12608.0
8512.0
9984.0
6592.0
3584.0
3840.0
-2944.0
-5504.0
-8704.0
-9600.0
-7168.0
-6464.0
-6464.0
-4672.0
3456.0
3968.0
6912.0
6400.0
2368.0
1600.0
-768.0
-3392.0
-4352.0
-4928.0
-5120.0
-4544.0
-3200.0
-4864.0
-3712.0
-2944.0
1792.0
5888.0
4992.0
4928.0
4672.0
2368.0
384.0
-1792.0
-3904.0
-4544.0
-3072.0
-1856.0
-896.0
4544.0
8512.0
6912.0
3648.0
2944.0
960.0
-2240.0
-6080.0
-7104.0
-6784.0
-5056.0
-4800.0
-960.0
448.0
704.0
64.0
-1408.0
-896.0
192.0
192.0
512.0
-640.0
576.0
320.0
-256.0
-1152.0
-1856.0
-1472.0
-1280.0
256.0
1792.0
1472.0
1088.0
-640.0
192.0
832.0
-2176.0
-2240.0
-1536.0
384.0
1088.0
1856.0
2048.0
1664.0
640.0
-1216.0
-2624.0
-2240.0
1536.0
1728.0
2816.0
2688.0
2112.0
-128.0
-384.0
-4672.0
-3008.0
-1984.0
-2944.0
-3328.0
-2304.0
-1920.0
-896.0
-192.0
-576.0
3520.0
4864.0
6592.0
4288.0
4160.0
2816.0
3264.0
1408.0
576.0
-640.0
-1728.0
-3776.0
-3840.0
-4416.0
-4544.0
-2624.0
-1920.0
320.0
1792.0
2304.0
1152.0
832.0
512.0
-1600.0
-2752.0
-3712.0
-4928.0
-6016.0
-4864.0
-2880.0
-640.0
0.0
-4928.0
-3968.0
896.0
3328.0
10368.0
8000.0
6144.0
8768.0
12224.0
3712.0
-320.0
-3648.0
-10496.0
-10944.0
-10048.0
-6016.0
-4224.0
-2176.0
3904.0
6848.0
8384.0
5888.0
4672.0
1728.0
-512.0
-576.0
-4288.0
-7552.0
-7808.0
-6336.0
-5568.0
-6720.0
-4416.0
-1088.0
2496.0
4608.0
6656.0
4160.0
1856.0
-448.0
0.0
-3328.0
-1792.0
-2240.0
-1216.0
-2240.0
1792.0
3456.0
3968.0
1216.0
-64.0
-832.0
-1024.0
-1984.0
-3520.0
-3648.0
-3328.0
-2432.0
-2880.0
-2112.0
768.0
256.0
704.0
1152.0
1344.0
1280.0
1280.0
2368.0
1088.0
-576.0
-1920.0
-1216.0
-2560.0
-512.0
128.0
-704.0
-768.0
-2688.0
-6592.0
3264.0
-6272.0
3520.0
2624.0
5056.0
2752.0
3328.0
384.0
-3648.0
-4480.0
-4928.0
-1920.0
-128.0
1984.0
2688.0
2560.0
1600.0
-512.0
-512.0
-1728.0
-2560.0
-5440.0
-3584.0
-3392.0
-1536.0
960.0
-1280.0
-704.0
2048.0
1984.0
1920.0
1216.0
832.0
1920.0
1920.0
64.0
320.0
-320.0
-768.0
-2560.0
-4224.0
-3072.0
-1280.0
-576.0
64.0
384.0
256.0
576.0
1216.0
512.0
-1792.0
-1792.0
-3840.0
-5632.0
-2432.0
-1920.0
-3904.0
-5376.0
-3840.0
448.0
2368.0
2944.0
19136.0
4608.0
8448.0
13440.0
5312.0
2240.0
-7488.0
-15104.0
-11904.0
-6912.0
-2560.0
-2176.0
3136.0
6784.0
4736.0
4352.0
5120.0
3456.0
1344.0
-704.0
-3264.0
-4608.0
-6784.0
-6976.0
-8704.0
-7872.0
-5568.0
-2304.0
3200.0
6656.0
6464.0
5376.0
1472.0
-2496.0
-2240.0
-2112.0
-704.0
-320.0
256.0
768.0
5248.0
5504.0
3968.0
3648.0
3520.0
1792.0
192.0
-2688.0
-5632.0
-6720.0
-5824.0
-4928.0
-2496.0
1664.0
2688.0
1792.0
2176.0
1856.0
1280.0
-1024.0
-3200.0
-2432.0
1280.0
-1920.0
-2432.0
-3648.0
-2560.0
-2112.0
-1728.0
-832.0
-1280.0
-1728.0
3904.0
3712.0
7488.0
7296.0
4736.0
2624.0
1216.0
-1152.0
-4352.0
-4992.0
-2304.0
-704.0
1920.0
576.0
-64.0
-1344.0
384.0
-3584.0
-2816.0
-960.0
-1920.0
-2496.0
-1216.0
-1728.0
-2816.0
-576.0
-896.0
-640.0
0.0
3776.0
5248.0
2624.0
3904.0
640.0
1472.0
896.0
320.0
-1152.0
-3008.0
-1536.0
-2432.0
-2112.0
-1408.0
-1856.0
-2368.0
-256.0
512.0
-576.0
-192.0
-256.0
1856.0
4160.0
576.0
-3648.0
-4992.0
-3008.0
-3328.0
-1408.0
-2560.0
576.0
6400.0
9408.0
4160.0
3776.0
-896.0
-128.0
-6336.0
-6592.0
-6912.0
-2112.0
4160.0
2560.0
3008.0
1024.0
768.0
2688.0
1344.0
1152.0
832.0
-1728.0
-4864.0
-5696.0
-6976.0
-7296.0
-5824.0
640.0
1216.0
2112.0
-448.0
-832.0
-960.0
-1472.0
-2688.0
384.0
192.0
896.0
-576.0
256.0
-1344.0
-64.0
1088.0
2560.0
3712.0
4736.0
2112.0
-576.0
-1984.0
-1088.0
-2240.0
-2496.0
-4352.0
-3456.0
-1216.0
-192.0
-832.0
-1664.0
-768.0
64.0
2048.0
2816.0
1600.0
-1024.0
-3456.0
-4480.0
-6208.0
-4224.0
-8384.0
-5824.0
-3456.0
-1920.0
2048.0
4992.0
9536.0
9664.0
9920.0
4480.0
3264.0
3200.0
512.0
-256.0
768.0
-1088.0
704.0
-320.0
-1408.0
-4928.0
-3456.0
-4352.0
-2880.0
-3136.0
-1216.0
-5824.0
-1472.0
1024.0
1408.0
4352.0
2880.0
3072.0
3264.0
3520.0
4608.0
4992.0
3968.0
1792.0
-2112.0
-704.0
-2624.0
-1792.0
960.0
-2560.0
128.0
-1088.0
2048.0
-3456.0
-1856.0
-2048.0
-256.0
4480.0
4608.0
2688.0
-1664.0
-4672.0
-2624.0
-960.0
-192.0
-13504.0
7872.0
7360.0
8064.0
3392.0
-6080.0
-12160.0
-9024.0
-2240.0
1728.0
5312.0
11648.0
10880.0
16192.0
-64.0
2816.0
2816.0
960.0
-320.0
-1600.0
-3200.0
-6016.0
-9152.0
-9280.0
-7552.0
-5504.0
-2816.0
896.0
3712.0
5312.0
4992.0
5376.0
3776.0
-1408.0
-1408.0
-3520.0
-3200.0
-4480.0
-3456.0
-3008.0
-1280.0
-128.0
1088.0
2432.0
2944.0
960.0
-1088.0
-2368.0
-2240.0
-1216.0
-1984.0
-128.0
2048.0
1152.0
-1152.0
-1856.0
-384.0
512.0
1280.0
384.0
-320.0
-2432.0
-2944.0
-3264.0
-3328.0
-3968.0
-8448.0
-8512.0
-2432.0
-1920.0
3136.0
6016.0
7488.0
10432.0
7872.0
3264.0
3328.0
-64.0
-1344.0
-1600.0
1152.0
-832.0
-384.0
-1024.0
-1152.0
-1728.0
-7232.0
-4096.0
-3904.0
-1280.0
-3328.0
-3968.0
-3072.0
-320.0
512.0
2368.0
2432.0
448.0
1856.0
2304.0
2752.0
3200.0
1280.0
-768.0
256.0
-512.0
-640.0
2880.0
-5504.0
-256.0
-2112.0
-1920.0
-3392.0
-1024.0
896.0
2688.0
2944.0
-1152.0
-512.0
512.0
-4672.0
-6784.0
-7232.0
-3200.0
-3968.0
9984.0
5568.0
8000.0
5888.0
-12800.0
-2560.0
-4288.0
-384.0
-4928.0
-64.0
1280.0
3520.0
1664.0
5120.0
2752.0
4032.0
4672.0
832.0
832.0
-2368.0
-4800.0
-6976.0
-3008.0
-5568.0
-4672.0
-2624.0
-1408.0
-704.0
-192.0
704.0
1344.0
2240.0
1792.0
320.0
-832.0
-3776.0
-3648.0
-1472.0
384.0
640.0
1728.0
1792.0
1792.0
1600.0
-1088.0
-896.0
-192.0
256.0
768.0
-576.0
512.0
-320.0
1024.0
192.0
192.0
1856.0
1856.0
384.0
-2240.0
-3904.0
-6272.0
-5504.0
-7744.0
-6592.0
-5120.0
-3520.0
-576.0
3392.0
4672.0
7168.0
10752.0
6272.0
4352.0
2688.0
512.0
-2112.0
-2176.0
-1152.0
192.0
-64.0
-7104.0
-6080.0
-3904.0
-512.0
-2368.0
-2688.0
-2752.0
-1856.0
-384.0
896.0
1856.0
640.0
64.0
896.0
1792.0
1536.0
1600.0
-384.0
192.0
1664.0
-576.0
-768.0
576.0
1088.0
1792.0
2560.0
-1984.0
-2816.0
-1984.0
1216.0
3008.0
3456.0
1152.0
1472.0
960.0
-3712.0
-8000.0
-8256.0
-7168.0
-4608.0
-4800.0
-11136.0
1600.0
4672.0
-1984.0
-3072.0
-3712.0
-6144.0
-3520.0
-2624.0
640.0
768.0
30400.0
4288.0
1920.0
3520.0
3840.0
896.0
-3456.0
-5760.0
-9536.0
-9920.0
-9408.0
-1792.0
448.0
3072.0
3968.0
3456.0
5248.0
1728.0
2560.0
-704.0
-1792.0
-5120.0
-5952.0
-3584.0
-4160.0
-1024.0
1472.0
3584.0
2688.0
-448.0
-1024.0
-768.0
-384.0
-768.0
-896.0
2624.0
-256.0
0.0
-512.0
128.0
2560.0
