0.0
-128.0
-320.0
192.0
512.0
-320.0
128.0
192.0
512.0
-384.0
-256.0
-576.0
-896.0
-896.0
-256.0
-320.0
-192.0
-384.0
640.0
640.0
384.0
128.0
448.0
448.0
64.0
384.0
256.0
320.0
64.0
-320.0
64.0
0.0
-1152.0
-1344.0
-960.0
64.0
1088.0
768.0
256.0
512.0
704.0
128.0
0.0
-512.0
704.0
960.0
448.0
256.0
256.0
-576.0
-1920.0
-1792.0
-384.0
-256.0
-192.0
640.0
384.0
1344.0
1088.0
-384.0
-960.0
64.0
320.0
448.0
704.0
-704.0
-640.0
192.0
448.0
64.0
-256.0
-448.0
-640.0
512.0
768.0
832.0
512.0
-448.0
-704.0
-1024.0
-704.0
-192.0
448.0
1536.0
64.0
-256.0
320.0
896.0
576.0
1472.0
-320.0
-448.0
-128.0
256.0
-512.0
-896.0
-256.0
768.0
704.0
-576.0
960.0
832.0
640.0
640.0
-832.0
-448.0
640.0
512.0
-640.0
192.0
-128.0
-448.0
-320.0
256.0
1408.0
320.0
64.0
1536.0
1856.0
896.0
256.0
-384.0
-1280.0
192.0
-1600.0
-1600.0
-1152.0
-640.0
-128.0
0.0
-768.0
0.0
1536.0
2368.0
832.0
-512.0
-896.0
320.0
-768.0
512.0
-128.0
-1216.0
320.0
1152.0
1216.0
1984.0
1088.0
-384.0
-1344.0
-448.0
-448.0
64.0
-1984.0
-1408.0
1344.0
384.0
384.0
2496.0
1280.0
448.0
64.0
-640.0
320.0
1280.0
1408.0
-1088.0
-1088.0
0.0
-768.0
-1600.0
-448.0
1408.0
1856.0
1536.0
-1088.0
-256.0
256.0
-2880.0
-2112.0
2048.0
960.0
320.0
128.0
-704.0
-320.0
-1344.0
-1088.0
1088.0
704.0
-256.0
384.0
448.0
-1664.0
-768.0
-2176.0
-1408.0
2048.0
2496.0
2112.0
-896.0
-3648.0
-3648.0
-192.0
0.0
1536.0
-1600.0
3136.0
-896.0
-1280.0
832.0
320.0
320.0
1152.0
2368.0
704.0
-2368.0
-1920.0
1152.0
-960.0
0.0
1344.0
-192.0
1280.0
128.0
-384.0
320.0
576.0
-1600.0
-832.0
512.0
-1664.0
-1024.0
-320.0
2880.0
320.0
-5120.0
-2304.0
256.0
1216.0
2688.0
1856.0
1152.0
1344.0
-576.0
-512.0
-1216.0
0.0
-2176.0
-1920.0
-1856.0
256.0
1664.0
448.0
576.0
1664.0
1408.0
1600.0
-2112.0
-320.0
256.0
384.0
1472.0
640.0
1984.0
512.0
-512.0
384.0
-2432.0
768.0
960.0
2304.0
2496.0
2176.0
1088.0
-5952.0
-1344.0
1600.0
-1536.0
1728.0
640.0
-960.0
-1728.0
-3200.0
-2624.0
-1600.0
-4160.0
-2368.0
-832.0
-640.0
128.0
-2432.0
-1856.0
2944.0
3648.0
1664.0
960.0
832.0
-1408.0
448.0
2240.0
896.0
3776.0
3904.0
4416.0
2368.0
-3392.0
704.0
896.0
640.0
1024.0
512.0
-6272.0
-2688.0
1408.0
-832.0
576.0
192.0
-448.0
-3840.0
3584.0
768.0
-704.0
-256.0
512.0
-192.0
1472.0
576.0
-1536.0
1088.0
1280.0
-1280.0
-640.0
320.0
-2432.0
2048.0
3328.0
2368.0
1984.0
1792.0
-3008.0
3520.0
1472.0
576.0
-320.0
-1536.0
1152.0
1152.0
1088.0
-192.0
256.0
-1024.0
2752.0
-896.0
384.0
2368.0
-1344.0
3328.0
1920.0
1088.0
448.0
2624.0
2496.0
-5120.0
384.0
-512.0
-576.0
-2944.0
-2624.0
1408.0
-256.0
-1536.0
-1600.0
-2560.0
2368.0
704.0
-2752.0
-5568.0
384.0
1408.0
1536.0
-448.0
-4032.0
4800.0
960.0
-1600.0
-128.0
-1280.0
5440.0
2688.0
1536.0
64.0
3072.0
2560.0
1728.0
704.0
2880.0
2368.0
-896.0
2176.0
2304.0
64.0
-1536.0
-1472.0
-128.0
-64.0
1728.0
-5760.0
1344.0
1344.0
-2560.0
-2368.0
-768.0
-704.0
-2624.0
-3520.0
-2624.0
3072.0
-832.0
-3904.0
-3200.0
5696.0
1856.0
-1024.0
-5952.0
512.0
2048.0
448.0
2560.0
-512.0
-3136.0
4096.0
1920.0
384.0
1216.0
3200.0
704.0
-1600.0
1088.0
1216.0
2944.0
-320.0
-1920.0
-1216.0
1472.0
1856.0
2112.0
-64.0
1280.0
1664.0
-3200.0
-4352.0
3712.0
3776.0
-384.0
320.0
576.0
-3072.0
-3200.0
4480.0
-3904.0
768.0
2944.0
2432.0
384.0
-960.0
-12672.0
1600.0
2752.0
3968.0
-9280.0
-6528.0
4032.0
-1472.0
-2304.0
7168.0
1216.0
-2240.0
-256.0
1088.0
1152.0
-1472.0
-9600.0
-1024.0
5824.0
2176.0
192.0
1344.0
1920.0
2368.0
768.0
-4800.0
-1280.0
576.0
-3392.0
-2624.0
-192.0
-4608.0
1216.0
8768.0
2240.0
-384.0
-2048.0
3072.0
1664.0
1408.0
3776.0
2496.0
704.0
-64.0
-3072.0
768.0
-2944.0
-3328.0
320.0
-128.0
1152.0
-4480.0
-7872.0
-704.0
448.0
-768.0
-1152.0
-448.0
-448.0
-5632.0
6016.0
2624.0
3904.0
-704.0
64.0
1408.0
3776.0
7040.0
1984.0
2752.0
1728.0
960.0
-2176.0
-9856.0
-64.0
1856.0
1088.0
2240.0
128.0
1792.0
-2048.0
-512.0
-256.0
-5504.0
-3904.0
-1408.0
1024.0
448.0
320.0
-896.0
704.0
576.0
-384.0
-256.0
3840.0
1152.0
-128.0
-768.0
832.0
3520.0
4928.0
-896.0
2880.0
3648.0
2048.0
-3136.0
-3648.0
576.0
-3904.0
-2880.0
-128.0
1280.0
-2304.0
-8320.0
-4416.0
-4608.0
320.0
-3328.0
-7232.0
4096.0
-1280.0
-4416.0
-320.0
3904.0
5312.0
3008.0
3008.0
2496.0
4416.0
1984.0
832.0
64.0
2624.0
2944.0
3520.0
-128.0
64.0
-448.0
-1664.0
448.0
-3328.0
768.0
-512.0
-5312.0
-1536.0
448.0
-1280.0
-1664.0
1024.0
1088.0
-2816.0
-1664.0
-192.0
1344.0
704.0
4224.0
4352.0
-576.0
64.0
640.0
2304.0
-3840.0
-2368.0
-512.0
-512.0
4800.0
-448.0
832.0
-1792.0
2752.0
3072.0
2304.0
-5248.0
-1344.0
1792.0
3328.0
896.0
256.0
576.0
-1408.0
128.0
576.0
-2048.0
576.0
-1344.0
-3136.0
-5760.0
-4992.0
960.0
7168.0
-7744.0
3328.0
2432.0
1728.0
-384.0
128.0
-7552.0
-2560.0
-64.0
-1664.0
2112.0
7424.0
128.0
-128.0
5760.0
3136.0
-320.0
-2496.0
-16256.0
-1728.0
960.0
4800.0
7808.0
1344.0
1344.0
1344.0
1984.0
2176.0
-1152.0
2048.0
-3840.0
-7232.0
-2304.0
3200.0
2688.0
-6976.0
-12416.0
-640.0
640.0
448.0
640.0
1536.0
128.0
-1088.0
-5568.0
4544.0
8896.0
2752.0
2176.0
4416.0
2048.0
3840.0
4096.0
2496.0
576.0
-1152.0
-4224.0
-6400.0
3264.0
960.0
1216.0
896.0
-2624.0
-4416.0
-1344.0
1344.0
-1088.0
-3968.0
-448.0
0.0
-1728.0
-384.0
2368.0
1856.0
2368.0
3072.0
1920.0
2944.0
2880.0
3008.0
1536.0
2496.0
960.0
-1088.0
-832.0
1344.0
768.0
384.0
-1664.0
-3648.0
-6336.0
2752.0
-640.0
-4992.0
-1728.0
-5568.0
-768.0
128.0
4224.0
7424.0
1792.0
1792.0
1984.0
2368.0
4480.0
3456.0
2432.0
1920.0
-1088.0
1216.0
-6208.0
-3520.0
1984.0
256.0
-5824.0
-6208.0
-448.0
-2368.0
-1216.0
-320.0
-1408.0
-1536.0
-4032.0
-64.0
384.0
1472.0
1600.0
1472.0
3008.0
1280.0
256.0
512.0
-576.0
-4160.0
8704.0
2816.0
-4160.0
2240.0
2816.0
-6464.0
-5312.0
-832.0
1856.0
2816.0
-1792.0
2368.0
-2112.0
-384.0
256.0
-512.0
-5824.0
-2560.0
64.0
-5824.0
-2432.0
512.0
2048.0
512.0
-7360.0
3136.0
3904.0
1536.0
448.0
-9408.0
-3456.0
-384.0
5696.0
2432.0
2112.0
3648.0
4800.0
3392.0
-384.0
-4672.0
3840.0
3648.0
2432.0
-384.0
1984.0
1344.0
2560.0
64.0
1088.0
-64.0
-15168.0
576.0
2240.0
-6208.0
-10560.0
-4096.0
1920.0
-3008.0
640.0
-1344.0
-6336.0
1472.0
3264.0
10048.0
3264.0
1024.0
8064.0
1088.0
768.0
3136.0
1664.0
-1216.0
1344.0
1920.0
2432.0
-384.0
-8832.0
320.0
-3200.0
1344.0
3520.0
576.0
-4288.0
896.0
-7808.0
-704.0
384.0
-1664.0
-64.0
960.0
3264.0
7232.0
3840.0
4352.0
3904.0
2560.0
0.0
-2176.0
-5056.0
-3584.0
768.0
-4800.0
-4160.0
1792.0
320.0
128.0
-6208.0
-1344.0
-896.0
3264.0
1984.0
8128.0
128.0
256.0
960.0
1728.0
1600.0
576.0
832.0
2816.0
-2048.0
-192.0
1024.0
-320.0
-4160.0
-5760.0
-5760.0
-1984.0
-1856.0
1216.0
-576.0
-1664.0
-1280.0
-192.0
832.0
1728.0
4800.0
1152.0
1152.0
1344.0
1088.0
-4032.0
-3008.0
-256.0
128.0
7168.0
2752.0
-896.0
576.0
1344.0
1792.0
-1408.0
-1536.0
-2752.0
6464.0
-320.0
-1024.0
320.0
-9024.0
-3648.0
0.0
320.0
-1088.0
960.0
6400.0
4672.0
-1920.0
-4224.0
2368.0
2112.0
-2176.0
-7040.0
-1408.0
320.0
-64.0
1920.0
8704.0
1216.0
3200.0
2368.0
-14336.0
-5632.0
2304.0
640.0
448.0
2880.0
3520.0
832.0
960.0
896.0
-320.0
-10304.0
-7424.0
-7616.0
1216.0
-64.0
1152.0
1664.0
2944.0
1216.0
-2944.0
-4160.0
1728.0
5568.0
7104.0
832.0
1536.0
1728.0
2752.0
2368.0
4608.0
3968.0
1152.0
-896.0
-2624.0
-4672.0
-2752.0
1856.0
-3520.0
128.0
-3456.0
-9472.0
2496.0
6912.0
256.0
-6016.0
960.0
1920.0
7808.0
1088.0
2112.0
2752.0
2816.0
960.0
-5504.0
-2880.0
-448.0
-1536.0
-4800.0
-2048.0
1600.0
-192.0
-4544.0
-2496.0
-1280.0
2432.0
1024.0
7168.0
8256.0
1920.0
1408.0
3520.0
-512.0
-320.0
384.0
320.0
-5440.0
-128.0
704.0
-768.0
-8000.0
-4608.0
-1920.0
-448.0
-64.0
-1024.0
-768.0
832.0
192.0
0.0
-1152.0
1728.0
5568.0
3712.0
1152.0
704.0
-2496.0
-2304.0
-2240.0
2368.0
4224.0
4736.0
3584.0
-448.0
128.0
5888.0
-832.0
-4800.0
13248.0
1856.0
-8000.0
-3200.0
1408.0
-2496.0
-5184.0
-5184.0
7104.0
8704.0
320.0
-1088.0
-256.0
704.0
-2816.0
-4544.0
1856.0
-1664.0
-4096.0
-576.0
384.0
1920.0
4288.0
4160.0
2624.0
1984.0
2816.0
-704.0
832.0
384.0
2240.0
-256.0
-320.0
-576.0
-704.0
-10176.0
-10624.0
-3392.0
1024.0
1792.0
832.0
640.0
3136.0
-192.0
448.0
1728.0
5440.0
-2240.0
960.0
960.0
1472.0
1856.0
1600.0
1536.0
704.0
384.0
-832.0
-1408.0
-128.0
-2368.0
-2176.0
-1024.0
-9792.0
-1728.0
-512.0
2304.0
1472.0
1280.0
384.0
1856.0
2048.0
1216.0
2560.0
-640.0
-1792.0
1920.0
2624.0
896.0
-4032.0
-5056.0
-64.0
2816.0
-128.0
-576.0
-1216.0
-3136.0
4608.0
2496.0
2560.0
1792.0
-1088.0
3392.0
8064.0
5568.0
-1728.0
-768.0
64.0
-1280.0
0.0
-1024.0
-896.0
-3456.0
-5184.0
-64.0
-4224.0
-12288.0
2432.0
128.0
1536.0
576.0
3392.0
11264.0
3712.0
1024.0
2176.0
2240.0
-960.0
-21568.0
-5312.0
128.0
-576.0
2688.0
7616.0
3456.0
-896.0
-448.0
-4096.0
7616.0
768.0
-6592.0
-7424.0
-2112.0
-4480.0
-2368.0
-640.0
1728.0
-704.0
1408.0
1664.0
896.0
-12160.0
-1408.0
2752.0
2496.0
640.0
-15104.0
-11328.0
2304.0
7168.0
3968.0
3776.0
2368.0
-2560.0
1280.0
1664.0
2112.0
1088.0
320.0
896.0
-15680.0
-13056.0
-512.0
10368.0
7680.0
384.0
1664.0
-64.0
704.0
1728.0
7552.0
4032.0
-64.0
128.0
2240.0
3008.0
1920.0
1152.0
-2560.0
1536.0
2368.0
3328.0
3392.0
1088.0
-11008.0
-1920.0
2176.0
-512.0
1664.0
-448.0
-3136.0
-10240.0
-2560.0
2240.0
320.0
6336.0
4864.0
4032.0
896.0
1472.0
1664.0
2816.0
1984.0
-4416.0
-8000.0
-5760.0
-4480.0
-5120.0
-6144.0
-3520.0
1280.0
7360.0
2432.0
960.0
2432.0
1984.0
11840.0
4864.0
2176.0
576.0
1472.0
2368.0
4416.0
1024.0
-2752.0
-9216.0
-3904.0
-5184.0
1344.0
896.0
1856.0
1344.0
512.0
-2112.0
-3776.0
-5504.0
3648.0
576.0
1600.0
4032.0
3904.0
2176.0
1856.0
3200.0
960.0
6912.0
7488.0
5248.0
3136.0
-384.0
-128.0
-128.0
-128.0
-1408.0
-1664.0
-23424.0
9152.0
-896.0
-576.0
-704.0
-192.0
1216.0
1280.0
-128.0
-5504.0
-5376.0
64.0
448.0
-640.0
-1728.0
2816.0
5376.0
1984.0
192.0
2816.0
-2688.0
1088.0
6592.0
960.0
2496.0
704.0
-2112.0
-4096.0
-704.0
-11200.0
-4416.0
256.0
4416.0
448.0
64.0
64.0
-1152.0
1600.0
4800.0
-128.0
-960.0
192.0
3776.0
-2496.0
3200.0
1408.0
5504.0
4480.0
1024.0
-128.0
-3008.0
-1728.0
-3392.0
-3328.0
-5952.0
-1856.0
-2240.0
-960.0
-1600.0
-192.0
320.0
4544.0
6592.0
-1472.0
-768.0
640.0
256.0
704.0
1216.0
2368.0
-1536.0
-1536.0
-5824.0
-5376.0
-5504.0
1792.0
64.0
3392.0
128.0
-640.0
576.0
-384.0
4480.0
8576.0
8384.0
3904.0
-192.0
-4032.0
1344.0
3904.0
2816.0
-320.0
-26560.0
2496.0
6272.0
5184.0
640.0
-2112.0
-1216.0
-1664.0
-3072.0
-6912.0
7360.0
1088.0
1664.0
2688.0
960.0
3392.0
-2368.0
-2752.0
3520.0
-320.0
1536.0
1664.0
0.0
576.0
-2240.0
-1792.0
768.0
-6784.0
-3648.0
-2624.0
9088.0
-5120.0
-5184.0
-704.0
1856.0
1472.0
-4928.0
-9600.0
1984.0
1152.0
768.0
-320.0
-768.0
5568.0
4288.0
1536.0
1536.0
1920.0
1152.0
-2432.0
2304.0
4032.0
-960.0
-3648.0
-6080.0
-6016.0
-6976.0
-1152.0
4672.0
1536.0
-1664.0
320.0
-896.0
256.0
2688.0
8256.0
4608.0
-2624.0
640.0
-384.0
1856.0
2304.0
4608.0
6144.0
-320.0
-5504.0
-6464.0
-5952.0
-3456.0
1216.0
-8448.0
-4928.0
-1344.0
-704.0
1600.0
384.0
3776.0
5248.0
1600.0
1344.0
2816.0
128.0
448.0
1088.0
-576.0
-1664.0
64.0
-4288.0
-6272.0
-7296.0
-3264.0
4160.0
4992.0
1728.0
704.0
-896.0
1344.0
2112.0
6336.0
5184.0
-128.0
-1216.0
-1408.0
-3776.0
-3840.0
-2304.0
-384.0
-384.0
-1600.0
-3968.0
2816.0
-128.0
256.0
-1280.0
-1792.0
3520.0
64.0
1280.0
192.0
3328.0
-320.0
128.0
1920.0
-448.0
-3648.0
-576.0
-64.0
3328.0
0.0
1216.0
1216.0
-7680.0
64.0
-1152.0
-5824.0
-2432.0
4800.0
-768.0
2880.0
-192.0
-1088.0
-1088.0
-704.0
-7552.0
960.0
1920.0
2944.0
-192.0
-1152.0
-3456.0
1856.0
1984.0
4160.0
2816.0
2048.0
1664.0
3136.0
960.0
-1280.0
-5248.0
-9856.0
-7360.0
-8256.0
-320.0
8576.0
-1408.0
-1408.0
-1344.0
-832.0
2688.0
4096.0
3264.0
1408.0
-1408.0
-3008.0
3776.0
4160.0
2368.0
3072.0
-768.0
-3648.0
-4544.0
-3264.0
-7744.0
1664.0
-320.0
-3776.0
-640.0
-384.0
1152.0
64.0
2112.0
4096.0
5120.0
768.0
-1024.0
-576.0
2304.0
-832.0
-384.0
-1216.0
-1280.0
64.0
-8448.0
-10944.0
2240.0
9856.0
3200.0
704.0
2240.0
576.0
128.0
1152.0
3584.0
3776.0
-3392.0
-256.0
-832.0
-3392.0
-1664.0
-576.0
-832.0
-256.0
-448.0
-2560.0
-1920.0
-2240.0
-3200.0
3520.0
2176.0
4480.0
