320.0
320.0
-128.0
-64.0
128.0
320.0
128.0
-192.0
896.0
-64.0
-128.0
64.0
192.0
1472.0
960.0
128.0
-512.0
-64.0
-1216.0
-256.0
128.0
-384.0
576.0
128.0
-128.0
0.0
128.0
-64.0
640.0
576.0
384.0
-128.0
-320.0
-320.0
0.0
-320.0
64.0
256.0
-128.0
704.0
-128.0
576.0
-832.0
-256.0
-192.0
-832.0
-512.0
-128.0
320.0
896.0
1600.0
896.0
448.0
576.0
320.0
576.0
-64.0
-512.0
-576.0
0.0
512.0
-512.0
512.0
-576.0
256.0
-576.0
128.0
256.0
512.0
704.0
832.0
-64.0
384.0
-192.0
448.0
512.0
384.0
1088.0
1600.0
-2240.0
1472.0
-2176.0
-576.0
128.0
-1920.0
-832.0
512.0
-256.0
448.0
768.0
1472.0
192.0
640.0
1344.0
-640.0
576.0
-704.0
576.0
-1024.0
-512.0
576.0
448.0
704.0
0.0
192.0
-320.0
-384.0
512.0
-64.0
1088.0
192.0
64.0
1600.0
-1088.0
384.0
0.0
512.0
448.0
576.0
-704.0
-1664.0
576.0
-128.0
1088.0
640.0
128.0
256.0
1280.0
1088.0
256.0
1216.0
-960.0
-576.0
-640.0
-1472.0
-640.0
128.0
-256.0
3584.0
-896.0
2304.0
1408.0
320.0
384.0
768.0
-576.0
-1088.0
448.0
-320.0
704.0
-704.0
0.0
448.0
64.0
576.0
256.0
-128.0
-576.0
896.0
-448.0
1216.0
-1344.0
128.0
-448.0
-128.0
512.0
-192.0
-1024.0
-768.0
-1664.0
-2944.0
-1920.0
1088.0
0.0
1216.0
-448.0
2368.0
448.0
192.0
832.0
-1472.0
1408.0
256.0
1984.0
192.0
1856.0
-1600.0
960.0
-1408.0
-448.0
1472.0
-1472.0
2240.0
-1088.0
1216.0
832.0
1344.0
1088.0
2112.0
1280.0
1728.0
64.0
2624.0
-640.0
1600.0
-640.0
704.0
896.0
2944.0
-128.0
768.0
-1216.0
-1920.0
0.0
-1472.0
64.0
2176.0
-2816.0
-1280.0
-320.0
1984.0
-960.0
704.0
384.0
1216.0
-1408.0
-384.0
-1536.0
-4032.0
-3584.0
512.0
1408.0
-256.0
-768.0
256.0
-1408.0
1664.0
2112.0
1216.0
-2176.0
-2048.0
-704.0
-1472.0
-1088.0
1216.0
1280.0
-2240.0
-1856.0
1152.0
-1984.0
768.0
3776.0
4928.0
2176.0
-1920.0
-3648.0
64.0
1152.0
1664.0
2240.0
1728.0
-448.0
-1280.0
1280.0
-128.0
0.0
1024.0
-1152.0
320.0
-1280.0
576.0
1600.0
-1216.0
-2432.0
-1024.0
1024.0
1856.0
1664.0
384.0
-1088.0
-896.0
2560.0
0.0
1792.0
256.0
-1920.0
-128.0
128.0
1856.0
-768.0
-192.0
1216.0
-1280.0
-64.0
-3584.0
1344.0
-1216.0
-320.0
192.0
384.0
1536.0
704.0
-448.0
0.0
-1536.0
-1792.0
-3136.0
2112.0
704.0
-3136.0
-704.0
-64.0
1792.0
-768.0
-2688.0
-1152.0
1728.0
1664.0
1216.0
384.0
-8000.0
1472.0
1216.0
640.0
1280.0
2624.0
-3264.0
-2112.0
1792.0
192.0
1984.0
704.0
1984.0
-1856.0
-2880.0
-5120.0
-1088.0
1600.0
0.0
832.0
2304.0
1536.0
-3136.0
-1408.0
-576.0
960.0
2880.0
1600.0
3136.0
-2496.0
-768.0
768.0
192.0
128.0
704.0
2496.0
2368.0
896.0
-2752.0
-2112.0
1024.0
1600.0
-64.0
-3072.0
-1792.0
-1344.0
768.0
-896.0
320.0
-1408.0
-4224.0
-7360.0
-3840.0
768.0
2048.0
-384.0
-64.0
-896.0
6336.0
64.0
-1152.0
-1792.0
-4608.0
8192.0
256.0
320.0
4352.0
2688.0
2688.0
1856.0
1536.0
832.0
-1024.0
-3456.0
320.0
2112.0
1280.0
0.0
-1792.0
-256.0
256.0
-320.0
-64.0
2880.0
2048.0
1344.0
-1280.0
-1280.0
-896.0
-4864.0
-5440.0
-4224.0
-256.0
-2816.0
64.0
1152.0
2880.0
768.0
2752.0
3840.0
128.0
192.0
768.0
640.0
-2368.0
-256.0
4736.0
1920.0
1856.0
704.0
2816.0
-512.0
1344.0
-2880.0
192.0
-2432.0
0.0
1472.0
3072.0
320.0
-1344.0
-3392.0
-8320.0
-2176.0
-2304.0
-960.0
-960.0
1408.0
448.0
-3648.0
-1600.0
2496.0
-1088.0
-512.0
1216.0
6656.0
5504.0
3392.0
2496.0
1728.0
1984.0
2112.0
768.0
-768.0
5184.0
4288.0
3072.0
1088.0
-5184.0
384.0
0.0
-2176.0
-2816.0
256.0
1216.0
-1920.0
-640.0
-2176.0
-3264.0
896.0
2496.0
-768.0
-3904.0
-1856.0
1152.0
640.0
-1856.0
-4544.0
2688.0
1536.0
1856.0
-3136.0
2560.0
-896.0
3008.0
1216.0
-256.0
-4224.0
-5888.0
-3520.0
1792.0
-640.0
640.0
192.0
-128.0
1280.0
2304.0
960.0
-64.0
-2240.0
832.0
1152.0
-768.0
-832.0
-1280.0
3584.0
0.0
-2752.0
-3968.0
576.0
1344.0
1920.0
-4800.0
-6848.0
2368.0
-1280.0
-3904.0
3520.0
-1664.0
-768.0
4032.0
8064.0
-384.0
-576.0
896.0
1152.0
256.0
-4544.0
-1344.0
-640.0
4928.0
-448.0
-128.0
640.0
-2304.0
-4352.0
1408.0
128.0
-2624.0
1152.0
-192.0
1984.0
1664.0
1408.0
384.0
-4032.0
-1792.0
1088.0
2560.0
4416.0
2752.0
896.0
1024.0
-2752.0
-5632.0
896.0
2816.0
-512.0
-4992.0
-3264.0
-5504.0
-2496.0
-1408.0
-4544.0
-1664.0
3968.0
-1920.0
-2880.0
7488.0
5120.0
256.0
2304.0
5312.0
8128.0
4288.0
2816.0
256.0
-640.0
-2624.0
-2944.0
-640.0
-832.0
-1152.0
-1664.0
-640.0
2752.0
704.0
-384.0
-192.0
-512.0
-1536.0
-4032.0
-3968.0
-64.0
3648.0
3328.0
64.0
1536.0
-320.0
-320.0
-1216.0
-1216.0
4416.0
1600.0
2176.0
2816.0
5696.0
-768.0
-640.0
-1216.0
-2496.0
-3264.0
1408.0
-1600.0
-3072.0
-640.0
-4416.0
-2496.0
1600.0
960.0
-3520.0
-640.0
-2560.0
-896.0
2880.0
4800.0
6272.0
3200.0
960.0
1920.0
640.0
1664.0
1600.0
2688.0
3200.0
-3392.0
-448.0
64.0
0.0
-4928.0
2112.0
-128.0
-640.0
-4288.0
-960.0
-576.0
-1216.0
-512.0
192.0
-2240.0
-512.0
-1088.0
-512.0
576.0
1792.0
-64.0
384.0
4608.0
1728.0
-256.0
896.0
2048.0
-3840.0
-2368.0
832.0
4160.0
2880.0
3520.0
640.0
-3776.0
-1984.0
2432.0
-128.0
-704.0
-192.0
2496.0
-1216.0
2752.0
-1024.0
-704.0
-3456.0
-3840.0
-1856.0
-3840.0
1216.0
2240.0
-768.0
2112.0
896.0
1408.0
-1088.0
960.0
-896.0
-768.0
-2752.0
-1920.0
1216.0
-768.0
-1152.0
-2688.0
512.0
1728.0
640.0
-1280.0
192.0
2240.0
4288.0
2624.0
512.0
-1472.0
-320.0
-1664.0
4672.0
1152.0
1792.0
512.0
576.0
-128.0
-6592.0
-1472.0
-7808.0
-640.0
5248.0
3520.0
-3328.0
-4160.0
-2560.0
-3200.0
3264.0
5632.0
3840.0
1984.0
4864.0
2944.0
768.0
1472.0
1984.0
-256.0
192.0
6464.0
1280.0
-2496.0
-2496.0
-4480.0
4288.0
-512.0
-192.0
-320.0
-448.0
-1664.0
-5248.0
-768.0
-3200.0
128.0
4288.0
-2048.0
-256.0
64.0
1600.0
1984.0
4736.0
1536.0
2304.0
-1984.0
-4928.0
2368.0
512.0
-3712.0
-3520.0
-512.0
-4480.0
-1600.0
-1024.0
-1472.0
-1792.0
-5440.0
-4736.0
1152.0
4928.0
4736.0
8768.0
8192.0
3392.0
2560.0
4544.0
640.0
192.0
64.0
-3456.0
-1984.0
-1408.0
-1536.0
-512.0
-3136.0
768.0
-1024.0
-2944.0
-1664.0
64.0
-192.0
-896.0
-1152.0
1024.0
576.0
320.0
896.0
1024.0
8064.0
-3584.0
-4864.0
-448.0
1152.0
1088.0
1216.0
1216.0
1472.0
1920.0
320.0
-832.0
-1152.0
-1216.0
5056.0
4160.0
1856.0
-704.0
-384.0
3200.0
-3392.0
-3392.0
-2048.0
-3648.0
-4480.0
1856.0
-1088.0
5440.0
576.0
1280.0
768.0
1216.0
1408.0
-2304.0
-2560.0
-128.0
-1280.0
-2112.0
-1088.0
832.0
960.0
2112.0
-1856.0
448.0
2496.0
-320.0
3584.0
8128.0
832.0
-2688.0
512.0
1664.0
1536.0
768.0
-1024.0
-1664.0
-5440.0
-7808.0
-10240.0
-256.0
5248.0
-384.0
-384.0
-576.0
-1024.0
128.0
-64.0
2304.0
3840.0
2624.0
192.0
1792.0
832.0
1536.0
640.0
-256.0
2752.0
0.0
-7040.0
-3584.0
-704.0
4416.0
7488.0
-1344.0
-320.0
-640.0
-6400.0
-1664.0
-896.0
-2304.0
640.0
4224.0
-128.0
832.0
1664.0
6528.0
1280.0
-2816.0
-1664.0
-2240.0
1088.0
-448.0
-896.0
-7168.0
-3648.0
2048.0
-4992.0
-4288.0
-2752.0
-6016.0
448.0
4160.0
3392.0
5440.0
5184.0
3584.0
7104.0
2688.0
-256.0
448.0
1728.0
-4288.0
-5440.0
-4032.0
-2240.0
-1984.0
-1152.0
512.0
-384.0
64.0
-1344.0
-1216.0
-192.0
448.0
-768.0
2432.0
3328.0
6080.0
2176.0
-2880.0
-5696.0
-2688.0
-704.0
1536.0
4608.0
4992.0
2176.0
320.0
512.0
-768.0
-3584.0
1280.0
832.0
-1088.0
768.0
768.0
-896.0
-3648.0
-1792.0
-3200.0
-896.0
704.0
3840.0
3968.0
-704.0
-256.0
512.0
896.0
1728.0
-8128.0
-1664.0
704.0
-2240.0
640.0
-768.0
-832.0
832.0
-1280.0
2176.0
4224.0
1472.0
640.0
2880.0
1728.0
1984.0
704.0
-704.0
4992.0
-320.0
-3072.0
-4416.0
-7552.0
-10048.0
4224.0
9024.0
2048.0
-1920.0
128.0
1024.0
768.0
-1088.0
832.0
832.0
2688.0
960.0
-128.0
3200.0
1792.0
704.0
2048.0
1536.0
-2944.0
-1792.0
-11328.0
-128.0
5696.0
9408.0
-1472.0
-2112.0
-960.0
-3456.0
-1472.0
-576.0
2368.0
-256.0
2176.0
1024.0
1536.0
2880.0
1088.0
-1024.0
192.0
832.0
-640.0
-3840.0
-10624.0
-2176.0
3072.0
1792.0
-1728.0
-3904.0
-448.0
4352.0
3392.0
2752.0
2368.0
0.0
8256.0
1408.0
512.0
5696.0
-3136.0
-4736.0
-256.0
-1152.0
-6592.0
-3264.0
2944.0
0.0
1280.0
-1792.0
-1408.0
-2432.0
-768.0
448.0
2624.0
-1152.0
2432.0
704.0
2176.0
512.0
-3648.0
-256.0
192.0
64.0
5888.0
576.0
-512.0
320.0
768.0
3008.0
-576.0
-3904.0
5760.0
768.0
-3456.0
-4736.0
-3968.0
-1024.0
-320.0
6336.0
8320.0
-6400.0
512.0
960.0
-64.0
2560.0
960.0
-7616.0
-10240.0
-384.0
640.0
576.0
-832.0
-64.0
3328.0
5312.0
1216.0
320.0
2816.0
1344.0
1472.0
3968.0
2944.0
-2752.0
1920.0
5760.0
-2752.0
-11904.0
-10496.0
-128.0
7616.0
6272.0
-320.0
-128.0
-448.0
1472.0
512.0
256.0
832.0
5248.0
-2944.0
-6272.0
-2752.0
5440.0
704.0
-256.0
2368.0
4928.0
-4672.0
-2944.0
-2560.0
1792.0
4480.0
-896.0
-1408.0
3584.0
-1472.0
1728.0
3840.0
704.0
3328.0
-1024.0
128.0
-320.0
-1152.0
-2880.0
-2624.0
-3328.0
-256.0
-2112.0
-2752.0
64.0
768.0
-1024.0
832.0
3072.0
3136.0
6464.0
4160.0
2112.0
1216.0
3456.0
512.0
-896.0
768.0
-1024.0
12736.0
-896.0
-6592.0
-10688.0
-1024.0
-1472.0
-5504.0
-3008.0
-2688.0
-3392.0
-256.0
-1280.0
5312.0
64.0
1728.0
1024.0
448.0
960.0
-1344.0
4736.0
-448.0
640.0
4864.0
-448.0
2496.0
1344.0
192.0
512.0
-5504.0
5440.0
4288.0
-1600.0
-5696.0
-1280.0
2816.0
-768.0
-7424.0
1856.0
5248.0
2816.0
1664.0
1408.0
192.0
0.0
-704.0
-4416.0
-512.0
2688.0
1472.0
-5504.0
-3392.0
-5504.0
448.0
768.0
4288.0
6336.0
4928.0
7552.0
4352.0
64.0
-512.0
1920.0
4352.0
-2560.0
-6848.0
-12352.0
-384.0
7616.0
-2432.0
1536.0
0.0
2240.0
-192.0
640.0
-64.0
2048.0
4672.0
-1408.0
1152.0
2752.0
2560.0
1536.0
-64.0
704.0
-4288.0
-2752.0
-5504.0
1984.0
2816.0
-192.0
-3456.0
1536.0
-192.0
-320.0
14464.0
3200.0
-6464.0
-4288.0
320.0
1728.0
1280.0
1984.0
1664.0
448.0
-20800.0
-13504.0
-2688.0
-3328.0
-5056.0
-5184.0
4992.0
6784.0
4224.0
1536.0
-1856.0
-192.0
-704.0
9664.0
5824.0
-512.0
-896.0
-1344.0
-1792.0
-6464.0
-6976.0
-3200.0
-1024.0
2112.0
-2304.0
0.0
-192.0
768.0
256.0
3712.0
5376.0
5120.0
-2944.0
-256.0
704.0
1280.0
960.0
832.0
-1600.0
-128.0
1216.0
-4736.0
2304.0
3264.0
-3712.0
-128.0
512.0
-2944.0
-5376.0
-3776.0
-2176.0
8320.0
-2496.0
-1216.0
5376.0
640.0
1088.0
-1728.0
704.0
1536.0
256.0
-3264.0
-2816.0
-320.0
-1344.0
-3072.0
-4352.0
-1664.0
4032.0
2304.0
2496.0
2112.0
2944.0
3648.0
768.0
-768.0
-3200.0
-1792.0
-3200.0
-8256.0
-2368.0
-1152.0
16064.0
-8768.0
-4096.0
3840.0
-1664.0
2816.0
-640.0
1024.0
3392.0
-896.0
-8000.0
9024.0
1024.0
704.0
512.0
1472.0
1280.0
-6656.0
-640.0
-5376.0
3136.0
0.0
704.0
-192.0
192.0
-1920.0
-4416.0
-7488.0
14016.0
-2688.0
768.0
-128.0
1024.0
704.0
-4864.0
-4544.0
-6656.0
256.0
-768.0
-9024.0
-3776.0
1152.0
6784.0
4352.0
8320.0
4288.0
2688.0
-448.0
2240.0
0.0
448.0
-64.0
1024.0
-2688.0
-3584.0
-8384.0
-896.0
-3520.0
4736.0
-1920.0
-5440.0
-832.0
128.0
4160.0
3200.0
6784.0
3904.0
576.0
-512.0
192.0
1792.0
-1280.0
320.0
1536.0
-1280.0
-128.0
-1664.0
-2304.0
2176.0
1792.0
2368.0
256.0
-3456.0
-6592.0
-9344.0
-1984.0
6080.0
7680.0
-64.0
-4032.0
3520.0
3648.0
576.0
-1024.0
-5632.0
0.0
896.0
-576.0
-576.0
-3008.0
-64.0
2176.0
2112.0
-3200.0
3264.0
3392.0
1856.0
704.0
1408.0
512.0
-3008.0
-12160.0
-5632.0
-5696.0
1088.0
17024.0
-832.0
-6912.0
704.0
9984.0
-576.0
768.0
640.0
-896.0
-4416.0
-2112.0
4992.0
-448.0
5952.0
3392.0
-2368.0
-1600.0
2112.0
-384.0
-8320.0
-7616.0
-448.0
7744.0
-64.0
-1792.0
-1088.0
-128.0
-4928.0
5952.0
1920.0
640.0
2176.0
1792.0
2432.0
-1920.0
-2688.0
-14528.0
-5248.0
-1216.0
-4544.0
-5184.0
7296.0
3136.0
1920.0
1280.0
4672.0
6208.0
6080.0
3584.0
-704.0
-192.0
384.0
-4800.0
-2624.0
-3776.0
-4352.0
-4544.0
2176.0
-1856.0
832.0
-64.0
128.0
1984.0
1920.0
5184.0
3968.0
-896.0
-1728.0
-1664.0
-64.0
-320.0
1664.0
0.0
1600.0
2496.0
-128.0
1280.0
-768.0
4032.0
-5376.0
-704.0
-384.0
-1344.0
-2240.0
-16576.0
7808.0
4224.0
-1280.0
-1216.0
-256.0
512.0
4992.0
1792.0
448.0
-1408.0
3392.0
-256.0
-5824.0
-2240.0
4800.0
4032.0
768.0
-1280.0
2816.0
2880.0
1792.0
0.0
576.0
64.0
-19904.0
-4352.0
-4864.0
2240.0
4096.0
1088.0
384.0
-192.0
-832.0
2112.0
3392.0
3904.0
1408.0
-3968.0
-2304.0
-512.0
-384.0
768.0
4672.0
-1344.0
-1728.0
1728.0
3136.0
576.0
-1344.0
-12800.0
4032.0
-576.0
64.0
-704.0
-2880.0
-2560.0
3392.0
2624.0
576.0
64.0
-256.0
2880.0
-1536.0
-2688.0
-4416.0
-9600.0
1152.0
-5952.0
-8256.0
9088.0
6464.0
2944.0
1792.0
2816.0
7488.0
7424.0
384.0
-1600.0
-2560.0
-4800.0
-2624.0
-1344.0
-3648.0
-4800.0
