-1088.0
-1088.0
-1152.0
-1088.0
-704.0
-768.0
-1024.0
-896.0
-896.0
-1024.0
-1088.0
-1088.0
-1344.0
-1024.0
-960.0
-1088.0
-896.0
-1088.0
-1088.0
-512.0
1088.0
4096.0
11520.0
11264.0
10944.0
6144.0
2048.0
2816.0
1920.0
448.0
-448.0
-1024.0
-1088.0
-1536.0
-3264.0
-2944.0
-2176.0
-1664.0
-1024.0
-512.0
-704.0
-704.0
-640.0
64.0
704.0
1152.0
1728.0
2176.0
2368.0
1920.0
1216.0
896.0
576.0
0.0
0.0
-128.0
-192.0
-512.0
-1152.0
-1408.0
-1280.0
-1664.0
-960.0
-256.0
320.0
0.0
192.0
1088.0
1152.0
2112.0
1664.0
1600.0
1472.0
1344.0
1088.0
-128.0
-896.0
-704.0
-768.0
-704.0
-1024.0
-1024.0
-768.0
-384.0
1024.0
1600.0
2048.0
1344.0
704.0
128.0
-64.0
-896.0
-1216.0
-1088.0
1088.0
1600.0
768.0
0.0
64.0
128.0
-64.0
-448.0
-576.0
384.0
896.0
576.0
0.0
-64.0
-704.0
-1984.0
-1664.0
-192.0
1024.0
1408.0
1920.0
2496.0
2880.0
1536.0
384.0
-128.0
-1344.0
-1472.0
-1920.0
-1600.0
-1920.0
-1152.0
1344.0
2880.0
3584.0
3392.0
2624.0
-256.0
-832.0
-1216.0
-2368.0
-2304.0
-1728.0
-1472.0
-1920.0
704.0
1856.0
1920.0
2752.0
1408.0
640.0
-64.0
256.0
768.0
704.0
192.0
-832.0
-1344.0
-896.0
192.0
768.0
1984.0
3008.0
2688.0
1216.0
1344.0
128.0
-1536.0
-3648.0
-2944.0
-960.0
0.0
256.0
2432.0
3584.0
2688.0
1088.0
-384.0
-1984.0
-2880.0
-1984.0
-704.0
320.0
2432.0
3584.0
3008.0
1088.0
-256.0
-1536.0
-2624.0
-512.0
-832.0
128.0
704.0
960.0
640.0
448.0
576.0
-768.0
128.0
1024.0
2112.0
2240.0
3520.0
2816.0
2368.0
576.0
-1344.0
-1024.0
-1728.0
-960.0
-896.0
-320.0
384.0
896.0
384.0
-576.0
-576.0
384.0
1408.0
2560.0
2240.0
3392.0
1216.0
384.0
192.0
-448.0
-1216.0
192.0
64.0
768.0
-1344.0
-1920.0
-1792.0
-1216.0
640.0
1344.0
1728.0
2240.0
1856.0
-512.0
-2368.0
-2240.0
-1600.0
-960.0
0.0
-896.0
192.0
768.0
768.0
448.0
192.0
1088.0
192.0
-1984.0
-1536.0
-704.0
0.0
2752.0
2304.0
1344.0
-1024.0
-1280.0
-256.0
-2112.0
-1408.0
-384.0
960.0
832.0
128.0
2368.0
2112.0
1728.0
1664.0
-128.0
-1280.0
-1472.0
-2624.0
-2624.0
-2112.0
1024.0
1536.0
1344.0
1984.0
960.0
1536.0
2624.0
3584.0
960.0
-128.0
1920.0
1856.0
-512.0
-640.0
-704.0
-2880.0
-1536.0
-1280.0
-128.0
-1152.0
-1280.0
320.0
0.0
64.0
448.0
-448.0
576.0
-448.0
-1152.0
-1216.0
-384.0
2880.0
1600.0
3072.0
1920.0
704.0
-256.0
-1664.0
-1216.0
-3136.0
-2432.0
-1664.0
-64.0
768.0
-1920.0
-3008.0
-2240.0
-960.0
2112.0
3904.0
1920.0
-2496.0
-2176.0
-448.0
128.0
832.0
3392.0
1792.0
1536.0
1792.0
3072.0
832.0
-2048.0
1088.0
64.0
-2432.0
-1152.0
-2176.0
320.0
1216.0
1856.0
2624.0
1536.0
-896.0
-3136.0
1024.0
1984.0
1856.0
2368.0
3776.0
5184.0
5056.0
2176.0
-640.0
-2048.0
-2624.0
-1088.0
-3840.0
-4928.0
-2688.0
-1408.0
576.0
2176.0
4032.0
2880.0
3840.0
4608.0
704.0
-2688.0
-3328.0
-1856.0
-2752.0
-2368.0
-2368.0
-1728.0
512.0
1472.0
2688.0
1664.0
-448.0
-1536.0
960.0
128.0
-512.0
0.0
-1408.0
-2816.0
-2304.0
-2752.0
-3456.0
-1664.0
1344.0
3072.0
1344.0
2944.0
2880.0
1280.0
-1088.0
-2432.0
-1536.0
1600.0
6656.0
6912.0
5760.0
5376.0
4928.0
448.0
-1216.0
-1664.0
1856.0
2880.0
128.0
-1920.0
-3648.0
-4544.0
-2944.0
-1408.0
960.0
384.0
320.0
64.0
-960.0
-1408.0
-1280.0
-1024.0
-448.0
-1216.0
-1152.0
1152.0
2432.0
-1280.0
320.0
-256.0
-1024.0
-1792.0
-1600.0
256.0
2816.0
3968.0
2112.0
1664.0
320.0
-1344.0
-3456.0
-896.0
192.0
256.0
2816.0
2880.0
4160.0
3392.0
2880.0
-576.0
-2624.0
1024.0
1536.0
-192.0
-1408.0
-640.0
832.0
512.0
-1216.0
-320.0
1664.0
1536.0
2560.0
2240.0
1728.0
-1152.0
-448.0
960.0
1536.0
1664.0
1664.0
1728.0
2112.0
0.0
-2816.0
-4288.0
-2944.0
-192.0
-320.0
-64.0
-704.0
1280.0
-1024.0
-4736.0
-3776.0
-2496.0
-2496.0
-2048.0
-256.0
-1536.0
-448.0
2048.0
320.0
-2112.0
-2432.0
-1088.0
-1536.0
-3072.0
-1472.0
-640.0
-1600.0
960.0
2240.0
384.0
3072.0
3712.0
5696.0
4096.0
3456.0
3648.0
1600.0
2880.0
704.0
-1472.0
-3200.0
-2432.0
-1536.0
-2752.0
-2048.0
-1664.0
-1024.0
-2432.0
-1408.0
-384.0
-1920.0
-1664.0
64.0
384.0
-1408.0
-1024.0
-448.0
-1088.0
-2112.0
-1536.0
576.0
704.0
-2432.0
-1856.0
-512.0
-960.0
-1856.0
-576.0
-512.0
-2048.0
-1024.0
-1152.0
-1792.0
-2496.0
128.0
512.0
192.0
1024.0
4672.0
3840.0
3584.0
2688.0
4032.0
3136.0
1664.0
896.0
-448.0
-1216.0
-896.0
2048.0
1600.0
-1280.0
-320.0
-512.0
-2176.0
-1344.0
-1088.0
256.0
-2304.0
-2624.0
-1344.0
-576.0
-320.0
-512.0
-1600.0
-3136.0
-2560.0
-4544.0
-5376.0
-2368.0
-960.0
-1472.0
-896.0
1088.0
320.0
-576.0
1984.0
3328.0
64.0
-3264.0
-4288.0
-2624.0
-1664.0
-1920.0
-896.0
2368.0
2048.0
3392.0
5696.0
4544.0
7936.0
5376.0
2624.0
1984.0
128.0
-1472.0
-2624.0
-5056.0
-5184.0
-3648.0
-1216.0
-1088.0
-1280.0
-768.0
-64.0
-1600.0
-2496.0
128.0
-2560.0
-4416.0
0.0
3072.0
-128.0
-128.0
1792.0
768.0
-2176.0
-2432.0
-2944.0
-4416.0
-3648.0
-3520.0
-3520.0
-3648.0
-256.0
1856.0
3520.0
4608.0
3520.0
1984.0
2560.0
4800.0
3776.0
4992.0
5312.0
2432.0
320.0
-448.0
-1280.0
-2624.0
-2496.0
-3072.0
-2688.0
-4672.0
-4416.0
-3904.0
-2688.0
-896.0
-1600.0
320.0
896.0
-1344.0
-3200.0
-5248.0
-3392.0
-1600.0
-2688.0
-2368.0
512.0
512.0
-384.0
-768.0
-384.0
-256.0
-1344.0
512.0
0.0
-3392.0
-3968.0
-832.0
2112.0
3008.0
128.0
1472.0
6016.0
7232.0
4480.0
3264.0
2880.0
-256.0
-1664.0
-1536.0
-2496.0
-2304.0
-2688.0
-2560.0
-2560.0
-3520.0
-3136.0
-1664.0
-2944.0
-2752.0
-1920.0
-1856.0
-1088.0
-640.0
512.0
-1536.0
-1344.0
-1280.0
-1024.0
-832.0
-2304.0
-1024.0
-704.0
-512.0
-384.0
1984.0
2880.0
-64.0
1024.0
3200.0
2816.0
2432.0
2432.0
1088.0
1920.0
2496.0
-704.0
-704.0
-1792.0
-2752.0
-3648.0
-2240.0
-512.0
-1088.0
-3712.0
-3200.0
-3136.0
-64.0
448.0
-1408.0
-5184.0
-1216.0
2368.0
896.0
832.0
-320.0
0.0
-1088.0
-384.0
704.0
-2432.0
-768.0
-768.0
-1088.0
-448.0
-1408.0
1536.0
2496.0
2496.0
3840.0
2176.0
960.0
128.0
-832.0
-1728.0
-2304.0
-1856.0
-1152.0
128.0
3392.0
128.0
-3648.0
-1984.0
-64.0
1088.0
256.0
1024.0
-192.0
-896.0
-1792.0
-1216.0
-256.0
-2432.0
-5952.0
-4544.0
-1600.0
-3392.0
-4352.0
-4032.0
-1920.0
-704.0
960.0
896.0
4544.0
7488.0
3904.0
3136.0
2624.0
3520.0
3840.0
896.0
-1216.0
-3072.0
-1600.0
-2432.0
-4288.0
-4160.0
-2560.0
-3328.0
-2240.0
-1024.0
-1216.0
-576.0
896.0
1088.0
-3008.0
-4992.0
-4032.0
-2816.0
-1600.0
-1216.0
832.0
192.0
2112.0
2112.0
512.0
-320.0
1408.0
4864.0
1856.0
-640.0
-576.0
1216.0
4224.0
2752.0
512.0
-512.0
0.0
-512.0
-576.0
-1600.0
-1344.0
576.0
-1472.0
-3776.0
-1600.0
-2688.0
-2240.0
384.0
1856.0
-704.0
-2240.0
-3392.0
-4608.0
-4352.0
-2368.0
1280.0
-768.0
-384.0
1536.0
-896.0
-2688.0
-2496.0
-2688.0
-3072.0
-896.0
4096.0
4544.0
5120.0
4992.0
7680.0
10304.0
3328.0
-1088.0
-1280.0
-1984.0
-3712.0
-6528.0
-5696.0
-4160.0
-4288.0
-2944.0
512.0
-192.0
128.0
1152.0
2560.0
3200.0
3200.0
2368.0
-1344.0
-3008.0
-3776.0
-3776.0
-1536.0
-2112.0
-3968.0
-3136.0
-2304.0
-1344.0
1984.0
4416.0
2560.0
4352.0
3968.0
6528.0
6784.0
3008.0
-1664.0
-2752.0
-3008.0
-1600.0
-2624.0
-4800.0
-5312.0
-1024.0
2368.0
2752.0
4608.0
1856.0
-3968.0
-4352.0
-5120.0
-5440.0
-7296.0
-5248.0
-2752.0
-3008.0
-2944.0
-320.0
-2624.0
-3264.0
-768.0
3392.0
4288.0
1088.0
0.0
0.0
-1600.0
-3456.0
-1600.0
3648.0
2944.0
3136.0
1920.0
896.0
-896.0
-768.0
-3136.0
-4032.0
-2944.0
-3776.0
-1088.0
-1664.0
-1216.0
-1536.0
128.0
-832.0
64.0
3008.0
3328.0
-640.0
-1088.0
704.0
1856.0
-640.0
-3008.0
-704.0
-192.0
-832.0
1856.0
3840.0
4992.0
4224.0
1472.0
1024.0
320.0
256.0
-2688.0
-256.0
-384.0
-1600.0
-1024.0
1088.0
-128.0
192.0
128.0
1344.0
-1600.0
-1600.0
-2432.0
-4160.0
-3072.0
-1408.0
-256.0
512.0
-1216.0
-640.0
64.0
896.0
1024.0
2048.0
2176.0
1280.0
2752.0
3264.0
5568.0
5056.0
5440.0
2688.0
2304.0
64.0
-2816.0
-4160.0
-5184.0
-5120.0
-6656.0
-4544.0
-1408.0
-128.0
-64.0
-832.0
704.0
3904.0
4224.0
2368.0
320.0
-2176.0
-3072.0
-4352.0
-2752.0
-3008.0
-5312.0
-5760.0
-2560.0
-832.0
832.0
2368.0
2624.0
3328.0
3392.0
4672.0
6656.0
5504.0
3200.0
2112.0
1984.0
3840.0
896.0
-2880.0
-2304.0
128.0
832.0
64.0
-2176.0
-3584.0
-3072.0
-2944.0
-4032.0
-2496.0
-1280.0
-2752.0
-3072.0
-3008.0
-576.0
-2048.0
-3648.0
-128.0
1856.0
2688.0
448.0
-320.0
-2176.0
-1984.0
-1792.0
1728.0
2880.0
3072.0
3456.0
3200.0
2112.0
896.0
1088.0
-1216.0
-2368.0
-3712.0
-960.0
1152.0
-192.0
-2944.0
-2752.0
-4800.0
-2176.0
-512.0
-576.0
-704.0
-896.0
-1088.0
-256.0
896.0
-640.0
-1536.0
-1024.0
-1216.0
-1216.0
-1216.0
1344.0
1984.0
-1088.0
-1472.0
2368.0
4160.0
3200.0
2432.0
640.0
1024.0
-1408.0
-2496.0
-4160.0
-2624.0
384.0
-1344.0
-1536.0
-4800.0
-4800.0
-1920.0
1024.0
2240.0
3456.0
3392.0
1152.0
-2496.0
-2304.0
-192.0
-1408.0
-1408.0
-320.0
-192.0
-960.0
-192.0
4416.0
3712.0
2176.0
4224.0
5632.0
2944.0
2624.0
-640.0
-1216.0
-3456.0
-2688.0
-1216.0
512.0
1536.0
-1216.0
1152.0
4096.0
4608.0
1728.0
0.0
-2688.0
-1344.0
192.0
640.0
-768.0
-3008.0
-4416.0
-5056.0
-6016.0
-7168.0
-8000.0
-4928.0
-1472.0
2304.0
7424.0
10240.0
11072.0
10432.0
7680.0
3136.0
2432.0
3200.0
3520.0
2176.0
2112.0
-1920.0
-1216.0
-1024.0
-3328.0
-5824.0
-5760.0
-2432.0
-1600.0
-320.0
-2048.0
-7168.0
-2368.0
1216.0
704.0
896.0
960.0
512.0
-1600.0
-1088.0
1664.0
128.0
-1344.0
-2176.0
-1728.0
2368.0
5376.0
4032.0
3328.0
3904.0
3264.0
2176.0
896.0
-1344.0
-3456.0
-4992.0
-2240.0
-1152.0
-1216.0
-2816.0
-1472.0
128.0
-384.0
-576.0
-1344.0
-2304.0
-2112.0
-448.0
-384.0
-1088.0
-1216.0
-1152.0
-1088.0
768.0
768.0
-2496.0
-2432.0
-3712.0
-1728.0
-192.0
1152.0
2944.0
1024.0
5440.0
6144.0
1536.0
256.0
-64.0
-576.0
-1728.0
-3520.0
-3520.0
-4352.0
-2368.0
1408.0
1216.0
1152.0
1664.0
192.0
-2688.0
-2048.0
-1728.0
-4288.0
-5184.0
-2176.0
1920.0
1344.0
-512.0
2304.0
1984.0
3264.0
3072.0
5184.0
4416.0
576.0
1152.0
-256.0
-768.0
-4288.0
-2496.0
-2752.0
-1152.0
-704.0
0.0
-448.0
3648.0
4160.0
1088.0
192.0
-2560.0
-3712.0
-4544.0
-3840.0
-3200.0
-3264.0
-5120.0
-7808.0
-5888.0
-3072.0
-3584.0
-4032.0
-960.0
7040.0
10048.0
13376.0
8576.0
7040.0
4800.0
1536.0
-512.0
-2496.0
-4608.0
-3008.0
-1600.0
384.0
-448.0
-2304.0
320.0
1280.0
448.0
-384.0
-4032.0
-6656.0
-2624.0
832.0
-1856.0
-1920.0
1344.0
1024.0
1728.0
3712.0
3776.0
1088.0
-960.0
-4288.0
-4096.0
-4352.0
-3072.0
832.0
-2432.0
-448.0
1472.0
3456.0
4032.0
3520.0
2176.0
-576.0
-128.0
4224.0
3840.0
-1600.0
-5184.0
-3200.0
-3968.0
-4032.0
-3904.0
-2048.0
-1472.0
-576.0
832.0
2368.0
576.0
-768.0
64.0
-64.0
-2688.0
-3520.0
-3008.0
-4928.0
-5184.0
-3264.0
-960.0
-384.0
2816.0
1536.0
5632.0
3904.0
1728.0
-64.0
3904.0
4736.0
2624.0
-960.0
-2112.0
-768.0
-1792.0
-2944.0
128.0
64.0
-2880.0
-4608.0
-1920.0
-1216.0
-5312.0
-3648.0
192.0
640.0
832.0
576.0
1088.0
384.0
2304.0
1728.0
128.0
256.0
-1216.0
-960.0
3200.0
1984.0
960.0
-1536.0
1728.0
-2176.0
-2432.0
-1920.0
2368.0
6144.0
4544.0
3520.0
512.0
-3648.0
-3072.0
-4608.0
-4544.0
-2368.0
-2944.0
-3136.0
-3008.0
-2688.0
-2304.0
-3840.0
-7680.0
-10432.0
-6144.0
-4032.0
-1920.0
-192.0
2560.0
3008.0
4928.0
4608.0
6528.0
6848.0
8128.0
7232.0
5184.0
5568.0
2368.0
-3328.0
-3840.0
-3328.0
-3776.0
-2688.0
1088.0
1856.0
2752.0
3584.0
832.0
640.0
-2560.0
-5632.0
-3520.0
-4480.0
-1280.0
-2432.0
-3456.0
384.0
1088.0
-960.0
704.0
3072.0
3968.0
1984.0
3200.0
896.0
0.0
-704.0
704.0
2112.0
1664.0
-512.0
-704.0
-1280.0
-1600.0
768.0
1728.0
512.0
-128.0
-576.0
-1024.0
-2880.0
-2752.0
-3456.0
-3904.0
-4032.0
-3648.0
-2304.0
-64.0
-896.0
-1280.0
128.0
-1856.0
-1344.0
-1792.0
-1792.0
-3968.0
-2496.0
0.0
2688.0
4608.0
4928.0
4672.0
4096.0
3648.0
832.0
-576.0
960.0
1280.0
-1600.0
-2240.0
-3200.0
-4544.0
-6592.0
-4160.0
-64.0
3072.0
4544.0
1792.0
1408.0
1920.0
1920.0
1984.0
1536.0
-4672.0
-8192.0
-7488.0
192.0
1664.0
256.0
-448.0
576.0
3456.0
3200.0
4928.0
6976.0
8192.0
6208.0
1600.0
384.0
-4096.0
-5952.0
-10240.0
-10304.0
-7488.0
-4864.0
-4608.0
-1984.0
-704.0
-2688.0
-5184.0
-1088.0
2112.0
3584.0
5504.0
7680.0
7104.0
1280.0
-4480.0
-4416.0
832.0
3840.0
1280.0
960.0
2176.0
2112.0
1280.0
-4160.0
-2944.0
-1920.0
-4608.0
-3520.0
-8512.0
-9472.0
-2432.0
5376.0
1600.0
-4096.0
-192.0
3392.0
7616.0
768.0
-1472.0
-2496.0
-2752.0
-7360.0
-6912.0
-4992.0
-2944.0
192.0
5376.0
6336.0
8640.0
2176.0
3072.0
4416.0
1536.0
-4800.0
-4416.0
-2624.0
-3136.0
-1920.0
-960.0
576.0
1344.0
0.0
-384.0
-768.0
0.0
320.0
320.0
-320.0
-960.0
-2112.0
-1536.0
-1088.0
-576.0
-3200.0
-3008.0
-3008.0
-1792.0
-3392.0
-2880.0
1536.0
1984.0
1920.0
3008.0
5120.0
5952.0
4992.0
3200.0
1664.0
1600.0
2304.0
3008.0
1408.0
2048.0
2432.0
