17088.0
16512.0
16960.0
16576.0
17152.0
17536.0
17152.0
17536.0
16832.0
16320.0
16960.0
19008.0
17920.0
16832.0
17152.0
19072.0
17088.0
13888.0
15040.0
19584.0
15232.0
18048.0
14400.0
23040.0
26880.0
16256.0
13632.0
11392.0
10816.0
8128.0
12416.0
15552.0
20096.0
18176.0
18560.0
19200.0
22464.0
22080.0
19520.0
16640.0
16128.0
13696.0
14272.0
17152.0
16768.0
16896.0
18624.0
17216.0
16832.0
18560.0
17856.0
17600.0
16832.0
14464.0
15232.0
15040.0
19264.0
17088.0
16576.0
17216.0
16704.0
16896.0
18496.0
18752.0
16448.0
14912.0
17280.0
19200.0
16768.0
15680.0
17984.0
13632.0
18432.0
19136.0
14400.0
16192.0
14720.0
18688.0
17024.0
16128.0
17216.0
19072.0
20736.0
20480.0
18944.0
18432.0
15808.0
16384.0
16768.0
14848.0
16256.0
17472.0
14976.0
15872.0
17024.0
19328.0
17408.0
17280.0
14080.0
19584.0
15552.0
16640.0
16640.0
18688.0
17216.0
18048.0
15360.0
12864.0
12544.0
15360.0
15616.0
14208.0
14848.0
17600.0
20544.0
23360.0
23488.0
23104.0
18112.0
17408.0
15360.0
11776.0
15680.0
15360.0
16576.0
13376.0
15040.0
17664.0
21760.0
19776.0
24256.0
19968.0
17024.0
15808.0
13568.0
14464.0
15360.0
12480.0
14272.0
16320.0
23616.0
22912.0
22592.0
18624.0
13632.0
20800.0
14656.0
14400.0
8768.0
9600.0
18048.0
14912.0
21952.0
21888.0
21824.0
22144.0
16896.0
12096.0
21184.0
18432.0
15424.0
16704.0
14912.0
14720.0
14720.0
16384.0
8128.0
14464.0
17536.0
15680.0
17088.0
13120.0
16448.0
17472.0
16256.0
16448.0
16000.0
11776.0
20224.0
20480.0
24704.0
15296.0
22400.0
16512.0
20224.0
13056.0
19712.0
14400.0
11328.0
13120.0
15296.0
10176.0
17728.0
19712.0
20800.0
17856.0
17024.0
14912.0
19008.0
15552.0
15680.0
14848.0
17920.0
17984.0
14976.0
17088.0
13184.0
17280.0
10176.0
14016.0
24192.0
18624.0
15296.0
15360.0
17280.0
19648.0
13696.0
14848.0
17152.0
12288.0
10560.0
16704.0
13312.0
16704.0
15424.0
23552.0
14592.0
13824.0
20160.0
13504.0
19776.0
14656.0
7232.0
22592.0
13440.0
15936.0
16128.0
19008.0
14016.0
8832.0
26176.0
13248.0
15424.0
19328.0
13696.0
21888.0
16448.0
10752.0
17088.0
12480.0
13504.0
14464.0
18816.0
13632.0
8832.0
20864.0
20096.0
22720.0
13120.0
19712.0
16896.0
14336.0
19072.0
12672.0
20352.0
21888.0
18496.0
12288.0
7040.0
14912.0
8960.0
10880.0
22784.0
19072.0
25408.0
20928.0
13376.0
17792.0
20672.0
19264.0
15552.0
19264.0
12736.0
22976.0
17728.0
14912.0
13760.0
14912.0
11392.0
16192.0
17472.0
19776.0
16768.0
13760.0
3840.0
4800.0
14464.0
12288.0
18304.0
19648.0
26240.0
17408.0
12992.0
16128.0
6016.0
12160.0
9856.0
17152.0
21504.0
11200.0
13696.0
24384.0
29696.0
18496.0
2752.0
24768.0
22784.0
9536.0
-2112.0
13568.0
24576.0
12480.0
1088.0
27008.0
14976.0
7424.0
17152.0
25536.0
8192.0
18624.0
5760.0
9024.0
3136.0
6976.0
27072.0
27392.0
15232.0
320.0
24960.0
28224.0
17984.0
14720.0
9536.0
13120.0
20544.0
20224.0
2560.0
1024.0
4224.0
7680.0
22784.0
27648.0
17664.0
22912.0
25280.0
25280.0
15872.0
16256.0
8320.0
16064.0
19456.0
14848.0
10304.0
13184.0
21760.0
14336.0
18560.0
18624.0
14016.0
7232.0
12928.0
13632.0
21376.0
2816.0
15744.0
18048.0
16896.0
18624.0
21696.0
18368.0
27520.0
23552.0
11904.0
20992.0
19392.0
8832.0
12608.0
8576.0
4672.0
6848.0
22400.0
27200.0
17728.0
20672.0
12800.0
15040.0
22336.0
8256.0
11456.0
5632.0
11328.0
13888.0
24960.0
24960.0
21696.0
8576.0
18752.0
17856.0
12608.0
17216.0
18688.0
19840.0
21952.0
29312.0
23104.0
23744.0
17600.0
15424.0
20096.0
14912.0
8960.0
512.0
8704.0
5184.0
10880.0
19456.0
20032.0
19712.0
11520.0
17600.0
14080.0
18560.0
25408.0
20288.0
13824.0
13888.0
19648.0
21824.0
21568.0
24000.0
13440.0
10432.0
1920.0
6976.0
19904.0
21120.0
26496.0
21888.0
20160.0
17984.0
11456.0
-64.0
6016.0
6528.0
10880.0
2560.0
14400.0
14528.0
24512.0
27072.0
24320.0
26496.0
20800.0
20992.0
15424.0
19392.0
1408.0
11008.0
8576.0
-1408.0
11840.0
19200.0
17856.0
18432.0
22720.0
22144.0
20544.0
22400.0
21312.0
17664.0
14016.0
23296.0
9664.0
14080.0
17984.0
11840.0
16832.0
9984.0
23232.0
25344.0
6720.0
17408.0
13312.0
10752.0
12032.0
9792.0
13184.0
10112.0
7424.0
14080.0
14080.0
14848.0
10368.0
9344.0
12096.0
11072.0
17472.0
16256.0
21120.0
17856.0
16000.0
19776.0
14912.0
25600.0
15104.0
14848.0
17920.0
16704.0
21760.0
18880.0
17792.0
15488.0
16192.0
14336.0
19008.0
23360.0
6656.0
15168.0
16960.0
19392.0
18752.0
11840.0
11520.0
16576.0
24640.0
24576.0
16832.0
11648.0
15424.0
6144.0
12032.0
14016.0
12672.0
9792.0
14080.0
16512.0
16128.0
-1600.0
11648.0
4480.0
5696.0
19456.0
13504.0
15872.0
18944.0
23744.0
14208.0
17472.0
13568.0
24384.0
22784.0
12096.0
15808.0
15552.0
26816.0
22848.0
21568.0
17088.0
16960.0
18496.0
17408.0
15680.0
12352.0
18432.0
6272.0
20032.0
17408.0
13952.0
19264.0
21632.0
14208.0
15168.0
9984.0
8768.0
15744.0
24704.0
18944.0
10944.0
16000.0
10432.0
10816.0
15616.0
5184.0
1920.0
8448.0
25472.0
15552.0
17920.0
8640.0
15168.0
12352.0
9984.0
21056.0
24064.0
10240.0
10048.0
2880.0
18880.0
24576.0
29248.0
19264.0
16256.0
24192.0
16704.0
13632.0
18496.0
23680.0
18368.0
9216.0
13696.0
11648.0
12544.0
6912.0
21184.0
15616.0
17472.0
18496.0
11904.0
21568.0
9088.0
24576.0
20992.0
15552.0
8064.0
16768.0
13376.0
-512.0
6400.0
9728.0
9152.0
24256.0
25024.0
26496.0
25408.0
13696.0
5696.0
14080.0
-1920.0
-2816.0
-9664.0
12800.0
25152.0
5824.0
8192.0
21248.0
14848.0
20992.0
27776.0
21824.0
16512.0
8960.0
14784.0
7616.0
11904.0
11392.0
5760.0
11456.0
21504.0
20800.0
21760.0
12416.0
13440.0
16448.0
24000.0
25600.0
12352.0
13632.0
15104.0
16384.0
15360.0
13568.0
14336.0
21568.0
12992.0
4416.0
14720.0
4864.0
-4992.0
16256.0
9344.0
20800.0
22656.0
21120.0
12928.0
21824.0
17920.0
20416.0
17728.0
19584.0
14336.0
23360.0
17024.0
4864.0
2752.0
832.0
9216.0
14592.0
12416.0
9472.0
19712.0
22784.0
23744.0
12608.0
16320.0
21952.0
20096.0
21696.0
23936.0
24768.0
19328.0
18112.0
12608.0
9920.0
14848.0
16064.0
11840.0
3200.0
12416.0
14272.0
7360.0
18496.0
12864.0
9920.0
19520.0
26560.0
24448.0
21760.0
19648.0
21376.0
5504.0
8000.0
4096.0
23104.0
14976.0
20864.0
16320.0
15616.0
16640.0
7808.0
11456.0
21056.0
10816.0
19136.0
23680.0
19584.0
23168.0
24896.0
16960.0
-3008.0
17920.0
15488.0
5248.0
22464.0
11008.0
2176.0
14144.0
18688.0
23936.0
9216.0
-4288.0
23872.0
-448.0
23808.0
8640.0
13568.0
16832.0
19840.0
17280.0
30144.0
23936.0
23552.0
23168.0
22976.0
13440.0
9152.0
15040.0
7936.0
19456.0
6976.0
3968.0
3136.0
24384.0
22528.0
9152.0
-1472.0
9792.0
6080.0
26624.0
14592.0
13504.0
18176.0
26816.0
19392.0
15232.0
23296.0
19072.0
13632.0
7360.0
15232.0
9920.0
4352.0
13376.0
14336.0
19520.0
27328.0
12544.0
8064.0
30272.0
-11136.0
2432.0
-7808.0
-5440.0
18880.0
12800.0
15488.0
17792.0
25728.0
21312.0
31168.0
29120.0
18432.0
15552.0
2240.0
14528.0
20032.0
10944.0
8192.0
6144.0
4928.0
29568.0
17408.0
26688.0
16064.0
24320.0
14976.0
12288.0
13632.0
17920.0
10368.0
15744.0
17664.0
21952.0
8064.0
27712.0
20608.0
6976.0
20608.0
17280.0
8320.0
17216.0
27840.0
18112.0
26048.0
18176.0
15424.0
10176.0
-2112.0
16192.0
2688.0
18816.0
6208.0
4032.0
24768.0
14400.0
24576.0
27648.0
24384.0
17408.0
21504.0
25664.0
20800.0
16256.0
17536.0
19008.0
9920.0
21184.0
4352.0
-2816.0
11392.0
20672.0
-6976.0
24128.0
29504.0
11328.0
31424.0
24192.0
10752.0
15552.0
13888.0
24128.0
21120.0
19648.0
12096.0
15744.0
12096.0
15616.0
18944.0
11264.0
11264.0
21504.0
17472.0
14400.0
20736.0
15680.0
9152.0
16960.0
14464.0
12288.0
18944.0
20096.0
21312.0
23936.0
18752.0
4416.0
20224.0
7168.0
19200.0
15616.0
14528.0
23936.0
9920.0
5824.0
-64.0
8320.0
16320.0
23936.0
19264.0
29440.0
21312.0
22656.0
13120.0
11328.0
27392.0
15488.0
17664.0
22464.0
7680.0
11008.0
7424.0
26688.0
11456.0
14080.0
9216.0
19712.0
14144.0
19584.0
11584.0
15104.0
11584.0
15104.0
14336.0
16448.0
13312.0
23808.0
15104.0
17216.0
19200.0
20864.0
2560.0
27968.0
7808.0
9024.0
1472.0
8448.0
8832.0
12800.0
15552.0
27584.0
17600.0
18304.0
9216.0
5824.0
-16448.0
64.0
16896.0
22720.0
16512.0
17536.0
9920.0
16320.0
31104.0
30464.0
26496.0
18944.0
26496.0
9664.0
13888.0
9472.0
8128.0
7168.0
16320.0
22720.0
18432.0
22784.0
9600.0
15040.0
20160.0
16320.0
10752.0
15424.0
16512.0
21952.0
13952.0
12672.0
16320.0
7680.0
9984.0
10240.0
16064.0
18432.0
26944.0
7808.0
12736.0
19776.0
4928.0
-2304.0
15488.0
9600.0
24320.0
27840.0
24704.0
20416.0
26240.0
19584.0
15744.0
23872.0
22080.0
15552.0
16512.0
15872.0
20480.0
21568.0
15616.0
22976.0
3264.0
20608.0
6528.0
8192.0
13440.0
-2240.0
7552.0
2752.0
22208.0
25152.0
11264.0
17792.0
16000.0
31552.0
25728.0
15552.0
26560.0
14592.0
10944.0
16128.0
14976.0
18432.0
7040.0
16832.0
13888.0
15360.0
7296.0
9024.0
16192.0
3200.0
6912.0
4928.0
16192.0
19712.0
19136.0
25344.0
22016.0
19392.0
17472.0
3200.0
2240.0
10176.0
-832.0
16192.0
14144.0
11584.0
17664.0
26560.0
20032.0
20672.0
27904.0
24128.0
17344.0
11968.0
20992.0
19008.0
8128.0
18816.0
11520.0
12032.0
8640.0
12096.0
3776.0
9920.0
20864.0
11840.0
29120.0
21184.0
29184.0
13056.0
27904.0
12992.0
18112.0
8000.0
20544.0
9216.0
12800.0
4480.0
11584.0
27776.0
16064.0
11008.0
15744.0
15232.0
-6720.0
13376.0
32320.0
32384.0
27520.0
17024.0
12288.0
-1024.0
-1152.0
3840.0
4352.0
15296.0
12544.0
13824.0
15936.0
25856.0
26560.0
30400.0
31296.0
29696.0
22656.0
12160.0
13056.0
12864.0
10048.0
896.0
9472.0
4800.0
3392.0
13696.0
14592.0
20608.0
20800.0
21120.0
17408.0
30400.0
19904.0
30976.0
25088.0
24192.0
20544.0
21760.0
20160.0
1792.0
12608.0
-1792.0
-30144.0
-4928.0
-1408.0
18432.0
16896.0
27584.0
19520.0
29696.0
31424.0
27072.0
26688.0
26176.0
18688.0
17408.0
16512.0
14016.0
11584.0
8896.0
7424.0
8896.0
12864.0
22976.0
12544.0
1984.0
11520.0
25344.0
19072.0
20800.0
22528.0
30272.0
18880.0
15040.0
19392.0
24384.0
18048.0
21888.0
6720.0
2496.0
13440.0
512.0
6656.0
7104.0
16768.0
10880.0
16064.0
15360.0
8768.0
20736.0
16896.0
14208.0
18304.0
30592.0
29504.0
22912.0
10176.0
6464.0
14016.0
18624.0
13120.0
7936.0
14144.0
7552.0
10944.0
19840.0
6784.0
16128.0
19712.0
11904.0
-704.0
24576.0
14592.0
10752.0
12864.0
14912.0
10816.0
13248.0
23424.0
9472.0
25984.0
19584.0
17856.0
22144.0
24256.0
17216.0
23488.0
11008.0
6528.0
11136.0
9344.0
12992.0
16320.0
28032.0
25536.0
26304.0
20352.0
11200.0
3712.0
18176.0
7296.0
-128.0
7168.0
17984.0
28480.0
26944.0
26240.0
18688.0
-960.0
-5632.0
8128.0
-9216.0
12352.0
2496.0
10944.0
21632.0
27456.0
32384.0
32384.0
31872.0
24448.0
19520.0
26944.0
16960.0
13504.0
4032.0
3264.0
9408.0
10560.0
7104.0
17344.0
12928.0
256.0
15296.0
22848.0
15808.0
22272.0
29312.0
25920.0
14976.0
18304.0
-14016.0
14656.0
19520.0
-8960.0
16704.0
-3136.0
5568.0
23360.0
-2880.0
3584.0
3584.0
27648.0
5824.0
28608.0
8704.0
13632.0
30144.0
19392.0
28672.0
28096.0
19584.0
19904.0
21696.0
21376.0
11968.0
14848.0
9536.0
448.0
16128.0
2816.0
23936.0
30720.0
9216.0
4544.0
22528.0
17152.0
15872.0
25856.0
-704.0
11776.0
19776.0
14016.0
9280.0
24704.0
24192.0
24384.0
31104.0
5056.0
17152.0
9920.0
5696.0
3968.0
10432.0
7232.0
12032.0
20224.0
27904.0
20928.0
21376.0
15296.0
21632.0
27200.0
17280.0
20224.0
26752.0
23616.0
9216.0
18048.0
25536.0
13120.0
1792.0
-7872.0
19840.0
7360.0
-4672.0
5056.0
-576.0
20608.0
16192.0
-6976.0
13632.0
27264.0
18624.0
27648.0
32384.0
16832.0
25280.0
10880.0
20992.0
7808.0
15680.0
4416.0
15488.0
2752.0
3648.0
-2816.0
12288.0
10432.0
5888.0
22208.0
-10432.0
18816.0
21440.0
20544.0
26816.0
32000.0
24832.0
-10304.0
-8384.0
-10112.0
9984.0
24512.0
20672.0
20864.0
19264.0
30528.0
26496.0
25280.0
25408.0
3264.0
-6208.0
-6336.0
4480.0
21888.0
19072.0
23360.0
24960.0
26944.0
24256.0
26048.0
20800.0
27456.0
27136.0
18048.0
7424.0
7424.0
-20672.0
-5632.0
23936.0
16832.0
6400.0
14400.0
-1536.0
12544.0
24512.0
30784.0
25856.0
16000.0
19776.0
22720.0
18752.0
13504.0
6720.0
7744.0
10688.0
14848.0
21888.0
10816.0
19200.0
11648.0
16000.0
25472.0
21952.0
22208.0
29504.0
22592.0
15680.0
28736.0
13632.0
6976.0
5632.0
-7104.0
5184.0
3840.0
-384.0
8640.0
18176.0
3712.0
26176.0
18752.0
28608.0
21184.0
23488.0
21248.0
23744.0
26944.0
11328.0
14720.0
1152.0
3584.0
8576.0
17088.0
21824.0
17984.0
20224.0
18048.0
22080.0
14144.0
24704.0
7424.0
14336.0
14336.0
16896.0
24256.0
14528.0
24256.0
16768.0
7040.0
16512.0
8128.0
10880.0
6080.0
15808.0
10560.0
5696.0
11776.0
24704.0
19968.0
26368.0
31040.0
30848.0
32000.0
16960.0
25600.0
3584.0
12224.0
6208.0
8704.0
17408.0
7808.0
25024.0
15232.0
6464.0
25280.0
8640.0
-9024.0
20992.0
24960.0
32384.0
27520.0
23552.0
5248.0
-22272.0
-4928.0
9536.0
11136.0
6720.0
23808.0
14336.0
17472.0
24128.0
29184.0
24256.0
13120.0
14336.0
11904.0
11328.0
24256.0
11200.0
13376.0
16640.0
-2560.0
22272.0
23680.0
15232.0
12352.0
4928.0
7808.0
-4864.0
13632.0
13440.0
12544.0
24704.0
12928.0
22784.0
24512.0
24768.0
21824.0
15552.0
16384.0
14912.0
20608.0
11584.0
6144.0
16256.0
10304.0
7680.0
19008.0
23232.0
32000.0
28544.0
20416.0
19712.0
26112.0
17472.0
17728.0
19648.0
-2944.0
9984.0
12928.0
3200.0
9344.0
12544.0
7872.0
27072.0
16064.0
12800.0
25344.0
9088.0
11776.0
18752.0
6720.0
10944.0
30528.0
24896.0
17920.0
16512.0
9792.0
7552.0
10688.0
4544.0
14336.0
19968.0
28416.0
27840.0
12800.0
8512.0
16128.0
15808.0
1920.0
13056.0
19776.0
9472.0
23744.0
19904.0
9664.0
21184.0
24704.0
14144.0
21312.0
-2816.0
24256.0
3904.0
7872.0
24256.0
17216.0
5056.0
19456.0
27840.0
18176.0
11200.0
