-64.0
64.0
192.0
0.0
64.0
64.0
-256.0
256.0
128.0
-128.0
-384.0
192.0
192.0
-128.0
320.0
-320.0
-128.0
-1152.0
-1856.0
-1216.0
256.0
-512.0
-704.0
-3904.0
-2240.0
5120.0
2752.0
640.0
2112.0
512.0
-640.0
-1344.0
-1088.0
-256.0
576.0
320.0
-1152.0
-1088.0
-64.0
512.0
768.0
-64.0
320.0
128.0
64.0
-768.0
-832.0
-448.0
-192.0
128.0
192.0
-64.0
384.0
1152.0
192.0
256.0
1536.0
-896.0
-1344.0
192.0
256.0
-448.0
-960.0
-1664.0
512.0
576.0
-128.0
576.0
-576.0
-704.0
1664.0
896.0
-832.0
128.0
-768.0
-64.0
-256.0
-384.0
256.0
-768.0
-512.0
0.0
-2048.0
-2240.0
-1664.0
-256.0
-1152.0
-256.0
-64.0
1024.0
448.0
-128.0
-1280.0
-1216.0
256.0
-128.0
512.0
1088.0
-1216.0
1920.0
-640.0
-640.0
1088.0
1728.0
512.0
1856.0
-320.0
64.0
1024.0
64.0
-256.0
64.0
-3136.0
-3200.0
-960.0
-960.0
2752.0
1664.0
1024.0
832.0
576.0
320.0
1344.0
1408.0
64.0
-1600.0
384.0
-64.0
-576.0
1152.0
512.0
1856.0
2688.0
2112.0
1088.0
-1216.0
-576.0
-512.0
-1984.0
-1600.0
-768.0
-3456.0
-2304.0
-832.0
-1344.0
896.0
768.0
640.0
384.0
-128.0
-1856.0
-2816.0
-1152.0
256.0
128.0
-2944.0
-256.0
2752.0
-1536.0
2304.0
768.0
768.0
-640.0
-576.0
-192.0
-640.0
-448.0
448.0
576.0
-128.0
-192.0
-448.0
-1344.0
256.0
2432.0
3072.0
2880.0
1216.0
-128.0
-2688.0
-192.0
-3200.0
-3328.0
-1792.0
-2432.0
-448.0
0.0
-960.0
2496.0
1856.0
1024.0
640.0
-896.0
-1088.0
704.0
-1664.0
-768.0
-1088.0
-192.0
-320.0
704.0
640.0
1472.0
1856.0
1280.0
320.0
1088.0
-896.0
128.0
512.0
-192.0
-1600.0
832.0
-2240.0
-2112.0
512.0
-1600.0
-1664.0
2816.0
1536.0
128.0
768.0
-832.0
512.0
-1856.0
-3904.0
-1792.0
1984.0
512.0
-1408.0
1856.0
0.0
-2048.0
-640.0
1152.0
1344.0
-1344.0
-1472.0
-960.0
-1728.0
320.0
-1536.0
-512.0
-320.0
-2176.0
-960.0
832.0
576.0
2112.0
896.0
2304.0
-1152.0
-1792.0
1152.0
576.0
2624.0
1088.0
128.0
64.0
448.0
2624.0
1600.0
2496.0
384.0
-1216.0
-1984.0
1920.0
768.0
-704.0
1856.0
-640.0
-2432.0
320.0
256.0
-1344.0
-576.0
-1664.0
-1792.0
-192.0
1536.0
1152.0
1856.0
-2176.0
512.0
-2176.0
-1344.0
-1344.0
-2688.0
-2688.0
-576.0
-512.0
384.0
3264.0
576.0
128.0
256.0
-256.0
0.0
-128.0
-1536.0
-3456.0
-4736.0
576.0
1216.0
1920.0
1472.0
1600.0
-1280.0
-6848.0
-1536.0
3520.0
3968.0
1664.0
5504.0
-640.0
-2240.0
-64.0
-2240.0
1792.0
768.0
-320.0
2688.0
-1344.0
-3712.0
704.0
2368.0
1856.0
-192.0
448.0
192.0
-256.0
-2176.0
-448.0
-768.0
-1472.0
-1408.0
4352.0
2816.0
1152.0
-704.0
-512.0
-2432.0
2240.0
-1984.0
320.0
320.0
1088.0
832.0
1344.0
-128.0
-6144.0
-6080.0
-2112.0
-4160.0
-4736.0
-2432.0
-1280.0
576.0
1728.0
2048.0
1664.0
3456.0
3648.0
2240.0
512.0
-384.0
320.0
-768.0
-640.0
-192.0
256.0
320.0
2368.0
256.0
1472.0
-768.0
-3008.0
-192.0
64.0
-1536.0
-704.0
2560.0
768.0
-640.0
-1344.0
-2304.0
-1856.0
-1792.0
960.0
3072.0
1280.0
-4480.0
-3520.0
2432.0
960.0
-1728.0
704.0
576.0
-1216.0
192.0
-64.0
-512.0
1856.0
1216.0
3904.0
1792.0
3392.0
3072.0
512.0
-1600.0
-3968.0
-5376.0
-5312.0
-3392.0
1024.0
-64.0
1728.0
192.0
-384.0
-896.0
-1664.0
-1920.0
1664.0
3456.0
4096.0
3008.0
-256.0
-1600.0
-1536.0
-2176.0
-64.0
1856.0
576.0
-1280.0
1088.0
704.0
-768.0
2048.0
1792.0
384.0
320.0
3840.0
5440.0
2880.0
960.0
-1152.0
-2880.0
-6208.0
-7808.0
-5376.0
-704.0
-768.0
320.0
640.0
1728.0
1408.0
2368.0
2688.0
-1344.0
960.0
256.0
-1088.0
-256.0
-1152.0
-4160.0
-4096.0
640.0
384.0
-128.0
384.0
2112.0
3520.0
2752.0
768.0
-320.0
-64.0
320.0
-448.0
-1792.0
-1216.0
-3200.0
-2944.0
-896.0
-960.0
-2432.0
1088.0
2304.0
2176.0
0.0
0.0
640.0
128.0
-1024.0
64.0
128.0
192.0
576.0
512.0
-512.0
-2112.0
1728.0
1792.0
1152.0
1664.0
1600.0
128.0
576.0
832.0
-1280.0
-896.0
-1344.0
-3520.0
-4160.0
-4480.0
-4480.0
-768.0
1792.0
1472.0
192.0
-4160.0
-6464.0
-3136.0
320.0
-2880.0
-3200.0
1792.0
640.0
1280.0
640.0
448.0
-640.0
704.0
448.0
-64.0
64.0
-1600.0
-1408.0
-768.0
-448.0
192.0
1600.0
704.0
-640.0
384.0
2304.0
2944.0
320.0
832.0
2240.0
2624.0
512.0
64.0
-384.0
-1920.0
-2624.0
-1088.0
192.0
-2176.0
-6080.0
-4672.0
-2176.0
704.0
1728.0
896.0
-256.0
-3008.0
-1408.0
-2048.0
1728.0
2688.0
2240.0
1728.0
192.0
1728.0
704.0
-2560.0
-1664.0
-64.0
-448.0
2880.0
4608.0
1984.0
1920.0
-384.0
-960.0
-4224.0
-2624.0
-3584.0
-5440.0
-1536.0
3584.0
-896.0
-1024.0
1344.0
448.0
-1152.0
2368.0
-832.0
192.0
1216.0
256.0
-3456.0
-1344.0
-128.0
-1920.0
-576.0
1408.0
-1280.0
-4288.0
-4416.0
-320.0
192.0
4160.0
2752.0
128.0
-1984.0
-1984.0
1344.0
1664.0
1536.0
1536.0
3968.0
2496.0
2048.0
832.0
192.0
-256.0
-384.0
-1472.0
-3456.0
-4544.0
-1984.0
1344.0
960.0
2816.0
256.0
-1024.0
-2880.0
-2112.0
-6784.0
-8512.0
-8000.0
-4416.0
1344.0
-1088.0
-2624.0
4352.0
2048.0
2624.0
9024.0
9664.0
6848.0
4544.0
1728.0
-192.0
-576.0
-9344.0
-10816.0
960.0
4544.0
1216.0
832.0
960.0
2496.0
3008.0
3520.0
2176.0
-64.0
-2752.0
-3456.0
-2688.0
-3264.0
-3392.0
512.0
3008.0
-1728.0
1088.0
3072.0
5376.0
2752.0
1984.0
448.0
320.0
256.0
1600.0
704.0
1920.0
2048.0
2368.0
1856.0
-1408.0
-6080.0
-4032.0
-1152.0
-2176.0
-2304.0
-3072.0
-2688.0
1216.0
2880.0
2048.0
1088.0
128.0
-448.0
-192.0
-576.0
-1344.0
-448.0
-2176.0
-3712.0
-4800.0
-3520.0
2880.0
-1024.0
-1216.0
512.0
-2496.0
3072.0
2048.0
2048.0
3136.0
3520.0
2944.0
1344.0
-1024.0
-640.0
3328.0
3008.0
2624.0
-1664.0
-1024.0
-3648.0
-5056.0
-1728.0
-2304.0
-2304.0
-960.0
640.0
-1920.0
-3968.0
-2368.0
-960.0
-2176.0
-1856.0
640.0
2816.0
1984.0
768.0
-256.0
1728.0
2560.0
2048.0
-512.0
-6976.0
-2048.0
4736.0
3840.0
2816.0
2304.0
1280.0
576.0
-960.0
-3264.0
-4608.0
-2240.0
2688.0
3456.0
64.0
2304.0
-512.0
3072.0
896.0
64.0
320.0
192.0
-5120.0
-4672.0
-3456.0
-4096.0
-2176.0
-1536.0
960.0
2688.0
4096.0
2176.0
2624.0
1600.0
2432.0
1536.0
1344.0
-256.0
-2496.0
-4928.0
-2240.0
-3008.0
-2880.0
-4160.0
-704.0
512.0
1920.0
1024.0
3008.0
4416.0
2048.0
1472.0
-768.0
-1408.0
1152.0
2816.0
1536.0
-1280.0
-2112.0
-4992.0
-6656.0
-9280.0
128.0
-320.0
2368.0
1408.0
-64.0
4672.0
6016.0
8896.0
7424.0
3520.0
2560.0
-768.0
-6144.0
-11712.0
-10112.0
-4288.0
-640.0
-4736.0
-4864.0
-4160.0
-1216.0
768.0
1792.0
3392.0
5376.0
2240.0
1472.0
1024.0
3904.0
4608.0
2688.0
2944.0
1728.0
-1536.0
-2048.0
896.0
3264.0
3200.0
1920.0
192.0
512.0
1344.0
-1664.0
-3584.0
-4608.0
-1536.0
128.0
-5376.0
-4224.0
-3776.0
512.0
-896.0
-896.0
-576.0
704.0
1024.0
576.0
-1344.0
-960.0
-1792.0
-4288.0
-2816.0
-192.0
-896.0
1920.0
640.0
-320.0
448.0
2304.0
1856.0
1600.0
-2112.0
1408.0
1792.0
3328.0
1792.0
1408.0
2688.0
320.0
-2304.0
-960.0
-1344.0
1664.0
128.0
-2688.0
-1984.0
-1728.0
-2240.0
-2816.0
-4800.0
-2816.0
-1344.0
-768.0
64.0
448.0
2880.0
3072.0
1408.0
2432.0
2816.0
-64.0
-1728.0
-1728.0
-896.0
-1152.0
-256.0
-1792.0
1344.0
2944.0
2432.0
2624.0
4032.0
3264.0
-1728.0
-640.0
640.0
1984.0
2496.0
-960.0
-960.0
-4352.0
-5440.0
-5760.0
-6464.0
-5632.0
3712.0
2560.0
1728.0
2304.0
320.0
-576.0
1664.0
3520.0
2496.0
1536.0
1024.0
1472.0
448.0
-2368.0
-4352.0
-2688.0
-1152.0
832.0
1152.0
-1536.0
-2432.0
320.0
-3392.0
-1856.0
320.0
-832.0
768.0
5184.0
1216.0
1600.0
2944.0
5632.0
3136.0
-256.0
-448.0
-2048.0
-8896.0
-6720.0
-64.0
-2624.0
832.0
1216.0
2240.0
3648.0
8384.0
4224.0
768.0
-896.0
-704.0
-3072.0
-10240.0
-10496.0
-8384.0
-2368.0
-4288.0
-2304.0
2112.0
2688.0
4544.0
4416.0
3776.0
5120.0
3712.0
3328.0
3392.0
1344.0
704.0
2048.0
-1856.0
-2304.0
-6144.0
-6528.0
-768.0
1088.0
-64.0
-2816.0
-3648.0
-704.0
640.0
64.0
-2496.0
-1344.0
-2368.0
-896.0
-576.0
-768.0
768.0
-1152.0
-3648.0
-3904.0
-384.0
-1536.0
-768.0
448.0
-256.0
-960.0
-2752.0
-896.0
2944.0
-1472.0
-1408.0
-320.0
-3584.0
-2368.0
512.0
-1472.0
-576.0
1536.0
4800.0
3648.0
3392.0
3456.0
1728.0
2752.0
1536.0
-2432.0
-5248.0
-1728.0
1024.0
-2688.0
-2176.0
-1984.0
-2816.0
1024.0
-1920.0
-4800.0
-3584.0
-2752.0
-3328.0
-2048.0
-1280.0
-1856.0
512.0
1728.0
1600.0
-960.0
-1792.0
-512.0
3328.0
3328.0
1792.0
5120.0
5440.0
4800.0
3648.0
4864.0
5120.0
4288.0
3264.0
2176.0
3072.0
2432.0
320.0
-8000.0
-9984.0
-6144.0
-2368.0
-1344.0
-320.0
704.0
-640.0
0.0
1472.0
2560.0
3392.0
960.0
384.0
704.0
128.0
-1472.0
-6080.0
-8960.0
-1472.0
0.0
0.0
1024.0
-320.0
-3392.0
-896.0
-1152.0
0.0
-2368.0
-2176.0
-128.0
1344.0
1024.0
-960.0
1856.0
2368.0
64.0
-3264.0
-3584.0
-1984.0
-4736.0
-4928.0
-3648.0
-3456.0
-2176.0
2752.0
3648.0
2624.0
1536.0
384.0
-2880.0
-4480.0
-2432.0
-1024.0
832.0
1856.0
1728.0
1472.0
-896.0
-1088.0
-128.0
2688.0
3584.0
3904.0
4608.0
7168.0
4864.0
5632.0
4544.0
1152.0
-3328.0
-3200.0
-4032.0
-13760.0
-7616.0
-5568.0
-2048.0
-2176.0
-192.0
-1600.0
-2112.0
832.0
8000.0
7744.0
4032.0
2304.0
-448.0
-3136.0
-9280.0
-7424.0
1152.0
960.0
832.0
960.0
1024.0
1024.0
960.0
-192.0
-896.0
-960.0
-192.0
-2240.0
-3584.0
-2304.0
-896.0
-1408.0
-2560.0
-1152.0
960.0
832.0
192.0
2496.0
2112.0
-1856.0
-64.0
1344.0
-256.0
-640.0
-576.0
320.0
704.0
64.0
64.0
320.0
128.0
-896.0
-768.0
1216.0
3136.0
960.0
0.0
-3392.0
-13376.0
-3264.0
-1408.0
3136.0
2624.0
1728.0
2240.0
2496.0
1536.0
-448.0
320.0
-2368.0
-5568.0
-6336.0
-1088.0
-2880.0
-768.0
-3392.0
-256.0
-384.0
1344.0
1664.0
3904.0
4288.0
4480.0
2048.0
832.0
960.0
-832.0
-2368.0
-1984.0
-1024.0
-896.0
384.0
1280.0
960.0
-192.0
-2240.0
-1280.0
-1216.0
-1728.0
512.0
3904.0
-2304.0
-320.0
6080.0
1024.0
128.0
1856.0
512.0
-3264.0
-6272.0
-7360.0
-3392.0
-1536.0
832.0
1728.0
1472.0
4288.0
7040.0
6784.0
1984.0
-7424.0
-16448.0
-11648.0
-5888.0
-6272.0
-7808.0
-2240.0
896.0
2368.0
1088.0
576.0
0.0
-384.0
-896.0
320.0
-896.0
1344.0
704.0
2112.0
2048.0
2240.0
-1728.0
2624.0
3456.0
-1024.0
1728.0
3648.0
2624.0
4416.0
4416.0
4928.0
7680.0
5952.0
4672.0
5440.0
3008.0
3840.0
2688.0
1024.0
0.0
-256.0
0.0
-4736.0
-6336.0
-7808.0
-15360.0
-6656.0
-4800.0
-2816.0
-2368.0
-2112.0
-832.0
320.0
-64.0
512.0
-704.0
-3968.0
-4288.0
640.0
1984.0
768.0
768.0
2752.0
5120.0
1920.0
2624.0
2368.0
4800.0
2496.0
-256.0
-1728.0
-2624.0
-1984.0
-2048.0
-1024.0
-64.0
-1920.0
-3904.0
-6016.0
-128.0
896.0
-3968.0
-3968.0
3008.0
5312.0
4160.0
1920.0
-960.0
-4544.0
1728.0
1344.0
3200.0
-1216.0
-3776.0
-3136.0
3200.0
832.0
192.0
-64.0
2176.0
1408.0
1472.0
320.0
-320.0
1152.0
2880.0
2048.0
1344.0
-256.0
-13312.0
-4288.0
-1024.0
1280.0
896.0
2304.0
320.0
2048.0
192.0
-768.0
-576.0
3520.0
1664.0
1024.0
4224.0
2304.0
3520.0
5120.0
2048.0
-704.0
-6464.0
-11072.0
-13760.0
-4608.0
448.0
-1344.0
2944.0
4352.0
4224.0
1856.0
-640.0
-1216.0
-1280.0
-256.0
-1024.0
-3840.0
-448.0
-1472.0
832.0
1536.0
3200.0
4800.0
3392.0
-2880.0
-5888.0
-3520.0
576.0
896.0
-4928.0
-6272.0
-5056.0
-1984.0
-448.0
256.0
3904.0
1472.0
4480.0
4480.0
3584.0
960.0
-512.0
-4096.0
-3840.0
1664.0
3200.0
1536.0
1408.0
-64.0
-256.0
-320.0
448.0
64.0
256.0
-64.0
-576.0
-320.0
-1216.0
-1024.0
-2368.0
-5248.0
-4992.0
-2624.0
1984.0
3264.0
5120.0
3520.0
-832.0
-256.0
-576.0
-768.0
128.0
-1088.0
-640.0
-512.0
768.0
832.0
-896.0
-4608.0
-1536.0
-2176.0
3456.0
3904.0
576.0
-2112.0
-1024.0
-512.0
-1600.0
-1792.0
-1536.0
-2304.0
448.0
704.0
1024.0
-3712.0
-3072.0
-2496.0
1664.0
2432.0
-576.0
2240.0
2432.0
1536.0
1984.0
1920.0
-256.0
-448.0
-1600.0
1472.0
1088.0
192.0
-448.0
-512.0
384.0
-832.0
-7232.0
-10112.0
-8448.0
-3392.0
1728.0
640.0
2816.0
2944.0
-448.0
1152.0
3328.0
3264.0
320.0
576.0
1728.0
2816.0
3904.0
3008.0
-1152.0
-2240.0
-9152.0
-23104.0
-21568.0
-1216.0
3136.0
-2496.0
7040.0
4928.0
7296.0
7424.0
5632.0
1728.0
256.0
-2112.0
-5696.0
-1920.0
-1152.0
-1024.0
-128.0
1600.0
1280.0
-4032.0
-1856.0
1536.0
1984.0
-1792.0
-704.0
576.0
0.0
-4480.0
-8960.0
-1920.0
-256.0
2560.0
1920.0
3328.0
4032.0
896.0
64.0
512.0
-2816.0
704.0
2368.0
1664.0
1472.0
1344.0
640.0
832.0
3328.0
3072.0
-960.0
-1152.0
-7936.0
1536.0
-5760.0
-10880.0
-10048.0
1152.0
-128.0
512.0
1728.0
1152.0
4800.0
3008.0
2752.0
5248.0
2752.0
960.0
4160.0
192.0
-896.0
1344.0
256.0
-1088.0
-1216.0
-2688.0
-1728.0
1216.0
-1088.0
-1344.0
576.0
1344.0
2048.0
1344.0
-64.0
-2048.0
-15680.0
-4288.0
3392.0
448.0
-320.0
2944.0
4416.0
2432.0
1856.0
-192.0
-2240.0
-2688.0
-3136.0
-2816.0
-3968.0
-64.0
1024.0
-576.0
-960.0
-128.0
640.0
640.0
640.0
384.0
1344.0
2816.0
-2432.0
-1920.0
