-64.0
320.0
-128.0
0.0
64.0
-128.0
-128.0
64.0
320.0
-64.0
-192.0
0.0
-128.0
-128.0
-64.0
64.0
-128.0
-64.0
0.0
192.0
192.0
-320.0
-832.0
-1024.0
-4096.0
-1344.0
2048.0
3712.0
1792.0
832.0
128.0
0.0
-512.0
-832.0
-320.0
1600.0
1024.0
640.0
640.0
128.0
64.0
-1088.0
-960.0
-1472.0
-2624.0
-2688.0
-512.0
128.0
256.0
320.0
768.0
1024.0
1088.0
1024.0
576.0
576.0
1024.0
1152.0
384.0
-1408.0
-1856.0
-1088.0
-832.0
512.0
704.0
768.0
-512.0
-1344.0
-1280.0
-704.0
576.0
1280.0
960.0
1024.0
320.0
-640.0
64.0
1216.0
1408.0
1024.0
320.0
-128.0
-64.0
-448.0
-512.0
-960.0
-960.0
-832.0
-384.0
-192.0
-384.0
320.0
1088.0
896.0
576.0
128.0
-576.0
448.0
448.0
512.0
-704.0
-576.0
-128.0
704.0
192.0
-1344.0
-1472.0
-768.0
512.0
320.0
256.0
832.0
-64.0
-832.0
-512.0
320.0
896.0
448.0
-384.0
-448.0
1024.0
448.0
-1024.0
-1600.0
-1472.0
-1600.0
-960.0
0.0
832.0
1408.0
960.0
704.0
512.0
832.0
192.0
384.0
-320.0
-1536.0
-2112.0
-1536.0
-1088.0
256.0
704.0
896.0
640.0
192.0
512.0
640.0
1088.0
576.0
64.0
-64.0
-512.0
-1152.0
-384.0
-320.0
-448.0
320.0
576.0
1024.0
1600.0
1344.0
640.0
-768.0
-832.0
-1536.0
-1472.0
-448.0
320.0
-384.0
-704.0
-192.0
320.0
640.0
832.0
-64.0
-320.0
-192.0
-384.0
448.0
320.0
0.0
448.0
320.0
640.0
576.0
-832.0
-1088.0
-896.0
-1600.0
-576.0
512.0
-128.0
-960.0
-1856.0
-1984.0
-2432.0
-1920.0
-1408.0
640.0
2368.0
2048.0
1344.0
960.0
-64.0
-1280.0
-1024.0
320.0
1344.0
1728.0
768.0
-128.0
-384.0
0.0
-1152.0
-896.0
-1088.0
128.0
832.0
1728.0
960.0
896.0
1216.0
960.0
1344.0
832.0
512.0
-640.0
-640.0
0.0
0.0
64.0
-192.0
-320.0
1152.0
448.0
-64.0
-576.0
-192.0
-768.0
-1088.0
-512.0
768.0
-384.0
-128.0
0.0
-1792.0
-1856.0
-960.0
-896.0
-1536.0
0.0
-896.0
-2432.0
-1856.0
-1984.0
-1728.0
-1216.0
1728.0
1600.0
1664.0
2240.0
1984.0
832.0
-896.0
-1280.0
-2624.0
-2240.0
-1984.0
-3648.0
-3520.0
-3456.0
-2176.0
1024.0
1984.0
2688.0
1024.0
640.0
448.0
384.0
896.0
640.0
960.0
2048.0
960.0
768.0
832.0
384.0
-320.0
1088.0
-2560.0
-1536.0
-2176.0
-1152.0
64.0
-64.0
704.0
384.0
1344.0
960.0
-320.0
-64.0
832.0
1024.0
-1600.0
-1728.0
448.0
128.0
-576.0
-448.0
0.0
-768.0
-64.0
896.0
1408.0
512.0
1792.0
1088.0
-512.0
-1024.0
-1344.0
-1664.0
-1920.0
-2752.0
-1792.0
-576.0
-832.0
512.0
448.0
768.0
128.0
832.0
1216.0
576.0
256.0
-192.0
-1472.0
-3328.0
-896.0
1216.0
576.0
-64.0
-832.0
384.0
-768.0
-1984.0
-1280.0
-1216.0
384.0
2048.0
1536.0
960.0
-640.0
-64.0
2304.0
1344.0
576.0
-320.0
576.0
-1472.0
-1792.0
-1728.0
-1216.0
-1472.0
-704.0
-1472.0
-896.0
2432.0
3392.0
384.0
-192.0
128.0
3072.0
3584.0
-704.0
-3072.0
-5952.0
2304.0
384.0
384.0
-320.0
-2176.0
-2432.0
-2368.0
-704.0
1088.0
2688.0
2944.0
2432.0
640.0
-512.0
-2176.0
64.0
832.0
192.0
-1472.0
-2048.0
-512.0
-2496.0
-3008.0
-2624.0
-1344.0
1280.0
1216.0
1408.0
1152.0
1920.0
1984.0
960.0
-448.0
320.0
1664.0
448.0
-256.0
64.0
1152.0
1536.0
1088.0
-128.0
256.0
384.0
1344.0
1344.0
0.0
-832.0
960.0
128.0
-832.0
-1088.0
256.0
768.0
384.0
0.0
-1920.0
-1536.0
-3712.0
-768.0
384.0
-1600.0
-1280.0
-256.0
2112.0
2048.0
896.0
1536.0
1792.0
1728.0
960.0
-1152.0
-1088.0
128.0
512.0
-448.0
-384.0
-256.0
-512.0
-448.0
448.0
896.0
1408.0
2496.0
1728.0
1024.0
576.0
-832.0
-960.0
-2176.0
-1344.0
-960.0
-1088.0
-960.0
-1536.0
-2048.0
-768.0
-256.0
-512.0
1408.0
3072.0
2304.0
3072.0
1216.0
-896.0
-1792.0
-1984.0
-1152.0
576.0
1344.0
1728.0
1856.0
1920.0
1792.0
1152.0
1920.0
2816.0
2560.0
2560.0
1984.0
2496.0
256.0
-2112.0
-2368.0
-1408.0
384.0
-768.0
-1344.0
-1920.0
-960.0
-1024.0
-2048.0
-1792.0
-1408.0
-2624.0
-2560.0
-2112.0
-1024.0
-1280.0
-1792.0
-2496.0
-512.0
-640.0
-1856.0
-2624.0
-2240.0
-960.0
576.0
1408.0
1984.0
2304.0
2816.0
3456.0
960.0
-1728.0
-512.0
1024.0
1856.0
1408.0
576.0
768.0
512.0
-512.0
-576.0
1984.0
2048.0
2304.0
1600.0
1024.0
-576.0
-1856.0
-1920.0
-3456.0
-4032.0
-1216.0
-320.0
-640.0
-256.0
-1088.0
-1728.0
-1920.0
-704.0
-256.0
-448.0
-64.0
1792.0
1216.0
1472.0
1088.0
-2496.0
-1920.0
-3840.0
-896.0
256.0
1664.0
576.0
256.0
128.0
512.0
640.0
2368.0
2816.0
2496.0
2240.0
-1408.0
-3008.0
-4352.0
-3840.0
-256.0
-64.0
-1984.0
-960.0
-640.0
-1152.0
7552.0
7936.0
1728.0
832.0
1344.0
576.0
-256.0
-1856.0
-1088.0
-2624.0
-1344.0
-1408.0
-1280.0
-2752.0
-2240.0
256.0
2688.0
960.0
-960.0
-5504.0
-3840.0
-1216.0
1664.0
1920.0
1472.0
-2496.0
-1664.0
1024.0
2944.0
2048.0
1664.0
2816.0
2560.0
3200.0
2880.0
1792.0
1216.0
-128.0
-128.0
0.0
192.0
-512.0
-3712.0
-4480.0
-1088.0
-1152.0
-768.0
1792.0
960.0
-1728.0
-1344.0
1728.0
1664.0
-1088.0
-1152.0
-896.0
1728.0
1408.0
-384.0
896.0
2176.0
-576.0
-832.0
896.0
960.0
1600.0
2496.0
384.0
-1664.0
-1664.0
-1472.0
-2112.0
-1280.0
-1856.0
-1536.0
-1280.0
-768.0
-896.0
-896.0
-384.0
192.0
-704.0
-2880.0
-2368.0
-1088.0
2112.0
256.0
256.0
-192.0
704.0
2176.0
2048.0
640.0
1664.0
2368.0
4096.0
2944.0
2752.0
2112.0
1792.0
3072.0
1088.0
-384.0
-1344.0
-896.0
1024.0
1216.0
-320.0
-1920.0
-4352.0
-4800.0
-128.0
-2752.0
-2688.0
-1024.0
-1920.0
-1728.0
-1472.0
-2304.0
-2112.0
-1728.0
1088.0
1792.0
2112.0
2880.0
3136.0
3008.0
1280.0
-3200.0
-3648.0
-2368.0
1984.0
2816.0
2816.0
2816.0
1600.0
1856.0
1856.0
640.0
-256.0
-192.0
-1216.0
-512.0
1088.0
-128.0
-128.0
-768.0
1152.0
-960.0
-2816.0
-4480.0
-3200.0
-832.0
-576.0
-512.0
-192.0
1280.0
2560.0
3712.0
704.0
-2816.0
-704.0
256.0
-704.0
-2560.0
-1280.0
-448.0
-128.0
2688.0
2688.0
1664.0
2432.0
-1344.0
-3776.0
-9216.0
-3968.0
-192.0
1408.0
1984.0
2048.0
2304.0
2752.0
4736.0
2176.0
768.0
-128.0
704.0
1024.0
-1408.0
-8256.0
-1984.0
512.0
-1152.0
512.0
896.0
384.0
-832.0
512.0
-576.0
-1472.0
-1344.0
1536.0
-256.0
-1856.0
-1536.0
2304.0
1472.0
256.0
-960.0
1792.0
2496.0
3008.0
2432.0
576.0
192.0
-64.0
1152.0
2112.0
-128.0
0.0
896.0
2304.0
1856.0
-448.0
-2560.0
-2496.0
-1536.0
-1856.0
-2112.0
-1088.0
-768.0
-3008.0
448.0
-768.0
576.0
832.0
448.0
2944.0
2752.0
128.0
1408.0
2304.0
1920.0
2112.0
-192.0
-1920.0
-2112.0
-1856.0
-704.0
-1408.0
-1088.0
-960.0
-1920.0
-2880.0
-2176.0
-2048.0
-576.0
1088.0
192.0
-1408.0
1408.0
2112.0
2688.0
2432.0
2240.0
1664.0
-320.0
-576.0
2304.0
1408.0
448.0
1408.0
1728.0
192.0
1408.0
-1216.0
-1472.0
-2304.0
-7296.0
-1664.0
3904.0
-2432.0
-5888.0
-6016.0
-3968.0
-768.0
-320.0
-640.0
64.0
1344.0
3712.0
1856.0
960.0
-1344.0
-1152.0
1280.0
3008.0
-1024.0
-2496.0
-1792.0
1280.0
-896.0
-1344.0
1536.0
1856.0
1408.0
2496.0
1408.0
1088.0
320.0
-192.0
320.0
3072.0
1920.0
768.0
1728.0
640.0
-1344.0
-4160.0
-3136.0
-1664.0
-3200.0
-3840.0
1216.0
1920.0
2368.0
832.0
-576.0
2880.0
192.0
-64.0
1344.0
640.0
0.0
64.0
-256.0
1536.0
256.0
-2944.0
-3392.0
-3264.0
-960.0
-1728.0
-2112.0
-1088.0
-1152.0
832.0
1024.0
2560.0
2112.0
2176.0
4672.0
4160.0
2880.0
512.0
-1536.0
-960.0
-4352.0
-6912.0
-6976.0
-2752.0
-1408.0
64.0
2048.0
2496.0
-960.0
1728.0
2880.0
1472.0
960.0
1024.0
1664.0
1792.0
256.0
-576.0
-896.0
-320.0
448.0
448.0
1984.0
2816.0
1088.0
2368.0
3328.0
1984.0
0.0
-1920.0
-3008.0
-4928.0
-1920.0
-1984.0
-1984.0
-1856.0
-2112.0
0.0
-1856.0
-1536.0
-704.0
384.0
1088.0
2752.0
1856.0
2048.0
1152.0
960.0
1728.0
1024.0
-832.0
-1280.0
-1664.0
-960.0
-1216.0
-1984.0
-2496.0
-448.0
1664.0
1856.0
1856.0
2944.0
1664.0
-576.0
704.0
2048.0
1408.0
1280.0
1728.0
2688.0
3136.0
1024.0
2368.0
896.0
256.0
768.0
192.0
-832.0
-640.0
-2304.0
-1984.0
-1280.0
-1664.0
-768.0
-1856.0
-6912.0
-8320.0
-4352.0
-2496.0
-3520.0
-3456.0
-1728.0
-1152.0
4672.0
5056.0
4416.0
3840.0
3904.0
1152.0
-1088.0
-1088.0
-1088.0
-64.0
64.0
2240.0
3584.0
64.0
-960.0
-1216.0
-1344.0
-1280.0
-1024.0
-1088.0
-192.0
192.0
-768.0
-1472.0
-832.0
1408.0
1024.0
64.0
576.0
-640.0
-192.0
-4864.0
-8192.0
-640.0
896.0
640.0
-1280.0
-1728.0
-768.0
-1088.0
2432.0
2880.0
3840.0
1152.0
640.0
3008.0
4736.0
2496.0
384.0
640.0
-1024.0
-5312.0
-14656.0
-5888.0
448.0
576.0
64.0
640.0
4096.0
7680.0
8256.0
5184.0
3776.0
1600.0
-128.0
-4608.0
-5312.0
-4288.0
-5248.0
-11520.0
-1408.0
-896.0
704.0
-1024.0
-448.0
-1280.0
3904.0
7680.0
6784.0
3264.0
768.0
192.0
320.0
1600.0
5056.0
3904.0
2880.0
2112.0
960.0
-768.0
-1600.0
-2624.0
-2240.0
-2432.0
-2816.0
-3200.0
-3008.0
-3264.0
-3840.0
-3264.0
-1408.0
512.0
-320.0
1152.0
576.0
-768.0
512.0
960.0
576.0
-128.0
-1088.0
-448.0
-1472.0
-1536.0
-2048.0
-1664.0
-1216.0
-64.0
-640.0
-1408.0
-1152.0
768.0
1408.0
3648.0
4416.0
4480.0
3008.0
3776.0
2880.0
3072.0
1344.0
3328.0
3392.0
3008.0
-576.0
-1344.0
-1088.0
-1408.0
-2624.0
-3840.0
-3200.0
-2304.0
128.0
768.0
128.0
-704.0
-8192.0
-11328.0
-12672.0
-10496.0
-1984.0
1152.0
1216.0
2496.0
6912.0
6528.0
5056.0
3712.0
3584.0
2432.0
2240.0
3328.0
2432.0
-320.0
-896.0
704.0
768.0
128.0
-576.0
1408.0
2176.0
448.0
640.0
832.0
384.0
1280.0
1216.0
704.0
2304.0
1920.0
2304.0
-1344.0
-2112.0
-960.0
-3072.0
-8320.0
-832.0
1536.0
1792.0
-832.0
-1280.0
-1408.0
-640.0
-768.0
1024.0
3776.0
6016.0
4672.0
384.0
-768.0
-1792.0
-8064.0
-17792.0
-2816.0
4992.0
896.0
1280.0
1024.0
4224.0
10304.0
6592.0
1024.0
-1600.0
-3648.0
-8192.0
-18432.0
-11968.0
-1920.0
-2112.0
-128.0
2368.0
896.0
1920.0
5888.0
4736.0
6976.0
4928.0
3200.0
2368.0
-64.0
-640.0
-1856.0
0.0
-384.0
-1088.0
-2496.0
-1408.0
2240.0
3008.0
192.0
-1728.0
-1536.0
-256.0
448.0
-1792.0
-192.0
2304.0
1984.0
2624.0
2048.0
768.0
-192.0
1408.0
2048.0
-64.0
128.0
768.0
2048.0
128.0
192.0
-64.0
-1280.0
-1664.0
-2496.0
-2240.0
-1792.0
-1472.0
-1152.0
-1856.0
-448.0
-128.0
-64.0
3456.0
4032.0
3200.0
2240.0
960.0
2304.0
2432.0
1152.0
-1600.0
-1664.0
-1088.0
0.0
-1472.0
-2112.0
-960.0
2432.0
2496.0
1216.0
-384.0
-1216.0
-2880.0
-1792.0
-1472.0
-448.0
192.0
128.0
1344.0
1536.0
448.0
3584.0
4224.0
-64.0
-3456.0
-4864.0
-8448.0
-2560.0
-1216.0
-3008.0
-2240.0
-448.0
0.0
1088.0
448.0
-1536.0
3136.0
5696.0
8448.0
5056.0
1152.0
-1280.0
-2240.0
-2368.0
-2112.0
-2944.0
-10880.0
-10880.0
448.0
3840.0
3392.0
3264.0
3264.0
1920.0
960.0
-704.0
640.0
2368.0
2240.0
6208.0
5760.0
4928.0
3648.0
1792.0
-704.0
-2304.0
-11264.0
-12864.0
2112.0
3200.0
2560.0
2496.0
6912.0
7488.0
3264.0
64.0
-1600.0
-3456.0
-3200.0
-5440.0
-20480.0
-1280.0
-1408.0
-1856.0
2368.0
640.0
3200.0
1472.0
2944.0
5632.0
5568.0
4352.0
1408.0
0.0
0.0
256.0
1024.0
2048.0
-128.0
384.0
896.0
-896.0
-5120.0
-3776.0
-2560.0
-1856.0
-1728.0
-2688.0
-1728.0
512.0
1088.0
384.0
1152.0
1984.0
4096.0
3712.0
768.0
512.0
384.0
-192.0
-2240.0
-960.0
-1280.0
-2560.0
-9472.0
-11264.0
-3840.0
-192.0
-896.0
-1856.0
1728.0
1216.0
1984.0
1856.0
7104.0
7936.0
7680.0
5440.0
1216.0
1600.0
1984.0
1920.0
1792.0
704.0
-576.0
-1152.0
-2176.0
-2688.0
-1088.0
0.0
1600.0
384.0
-1024.0
-2688.0
-3584.0
-4800.0
-4288.0
-1152.0
1664.0
2624.0
2368.0
5056.0
3328.0
3904.0
4608.0
2112.0
-704.0
-576.0
-1024.0
-1856.0
-768.0
-896.0
-1536.0
-2816.0
-2368.0
512.0
3072.0
2688.0
2624.0
896.0
-1344.0
-1984.0
-1536.0
-1344.0
1536.0
192.0
-1152.0
-2560.0
-7104.0
1408.0
448.0
-640.0
-2112.0
-576.0
896.0
1472.0
-64.0
3008.0
6592.0
4480.0
6528.0
1344.0
256.0
-2304.0
-1792.0
-24320.0
1920.0
3328.0
-704.0
2944.0
4288.0
9216.0
11904.0
5760.0
1152.0
-832.0
-8000.0
-19648.0
-11968.0
-3712.0
4224.0
768.0
512.0
5184.0
6208.0
3584.0
4352.0
1536.0
3712.0
3776.0
3264.0
1856.0
1344.0
64.0
-320.0
-1152.0
-1280.0
-2432.0
-5312.0
-1344.0
-2048.0
-1024.0
-320.0
-64.0
-832.0
-192.0
1472.0
3840.0
2368.0
960.0
1600.0
1792.0
2944.0
1920.0
192.0
-1152.0
-832.0
-2176.0
-1472.0
-1856.0
-1536.0
-2560.0
-3712.0
-4864.0
-896.0
512.0
-960.0
-768.0
2432.0
1472.0
3264.0
4736.0
5824.0
1728.0
1280.0
960.0
-64.0
-256.0
-896.0
-960.0
-1920.0
-1664.0
-5504.0
-5184.0
1152.0
1792.0
-1280.0
-3136.0
-3648.0
-3200.0
-2560.0
-2880.0
-1152.0
-384.0
2368.0
2496.0
2560.0
4672.0
2752.0
3456.0
1536.0
4032.0
3648.0
1344.0
-384.0
-1920.0
-1856.0
-1600.0
-704.0
320.0
1024.0
1216.0
3136.0
2048.0
192.0
-2304.0
-2304.0
-704.0
-320.0
1536.0
1472.0
-4736.0
-9920.0
1152.0
-576.0
-896.0
-448.0
-1856.0
-1984.0
960.0
64.0
4736.0
5568.0
6144.0
3008.0
3968.0
320.0
-2624.0
-8064.0
-12096.0
8448.0
1792.0
-256.0
