-896.0
-832.0
-640.0
-512.0
-640.0
-512.0
-512.0
-448.0
-1088.0
-1152.0
-1088.0
-704.0
-768.0
-768.0
-192.0
64.0
-192.0
-256.0
-384.0
-832.0
-1856.0
-2752.0
0.0
4672.0
8832.0
11456.0
12864.0
11136.0
6144.0
4288.0
1728.0
-320.0
-1472.0
-3136.0
-3840.0
-4544.0
-2432.0
-384.0
768.0
1792.0
2240.0
2816.0
2560.0
2240.0
1856.0
1344.0
-320.0
-704.0
-1344.0
-1600.0
-1344.0
-832.0
-64.0
1024.0
1088.0
1344.0
1024.0
1152.0
1408.0
1344.0
128.0
-512.0
-512.0
-256.0
512.0
1088.0
704.0
640.0
1088.0
1152.0
1152.0
1280.0
1216.0
768.0
-128.0
-384.0
-384.0
-320.0
-768.0
-1088.0
-768.0
-448.0
-64.0
704.0
1408.0
1664.0
2368.0
2240.0
2624.0
1856.0
1088.0
576.0
64.0
-896.0
-1216.0
-1984.0
-1664.0
-576.0
0.0
-448.0
-576.0
512.0
1536.0
1536.0
1600.0
1216.0
1536.0
1280.0
832.0
896.0
896.0
256.0
-512.0
-896.0
0.0
256.0
-384.0
-1152.0
-960.0
-768.0
384.0
192.0
832.0
1536.0
2112.0
2304.0
1664.0
1344.0
512.0
-64.0
-640.0
-960.0
-1728.0
-1792.0
-448.0
320.0
512.0
384.0
1024.0
1408.0
1600.0
1984.0
2368.0
1152.0
384.0
-128.0
-832.0
-1088.0
-576.0
-192.0
512.0
1280.0
1728.0
2432.0
2944.0
3264.0
1984.0
1088.0
-1024.0
-1728.0
-1792.0
-1664.0
-1280.0
-1856.0
-1728.0
-384.0
768.0
1600.0
2240.0
1664.0
1216.0
896.0
1536.0
1408.0
1152.0
832.0
448.0
1216.0
1472.0
1856.0
1536.0
-128.0
256.0
576.0
768.0
832.0
-448.0
0.0
128.0
0.0
-448.0
-1792.0
-704.0
960.0
1600.0
1024.0
2048.0
2240.0
2752.0
2368.0
1216.0
768.0
-64.0
320.0
128.0
-512.0
64.0
512.0
576.0
-256.0
-640.0
-576.0
1088.0
1216.0
1152.0
2112.0
2560.0
1664.0
1856.0
1216.0
1088.0
-64.0
-384.0
-576.0
832.0
128.0
0.0
-256.0
640.0
704.0
1536.0
320.0
896.0
448.0
-320.0
-512.0
-384.0
0.0
-320.0
-384.0
-384.0
-832.0
-512.0
-960.0
-128.0
256.0
-192.0
-1216.0
-384.0
448.0
-384.0
-384.0
896.0
-320.0
-64.0
1536.0
1856.0
704.0
640.0
1344.0
1216.0
1792.0
1280.0
448.0
-256.0
-1600.0
-1024.0
-960.0
-1728.0
-1664.0
-768.0
-64.0
-128.0
1536.0
2048.0
1664.0
1024.0
192.0
640.0
1792.0
2304.0
1856.0
2304.0
1472.0
-384.0
-384.0
-192.0
448.0
704.0
2560.0
1344.0
960.0
192.0
512.0
64.0
448.0
-192.0
256.0
-320.0
-1984.0
-384.0
-128.0
640.0
2112.0
768.0
64.0
2048.0
960.0
320.0
512.0
576.0
832.0
-128.0
384.0
576.0
960.0
1280.0
512.0
960.0
128.0
-832.0
-1856.0
-1856.0
-384.0
-192.0
768.0
896.0
1280.0
1280.0
832.0
832.0
768.0
192.0
832.0
320.0
-384.0
-384.0
-1152.0
-1152.0
448.0
1792.0
576.0
-1344.0
-704.0
576.0
64.0
0.0
0.0
-1600.0
-960.0
64.0
1216.0
1152.0
1344.0
-1152.0
-2432.0
-1472.0
-1856.0
-1600.0
-1344.0
1088.0
2496.0
2688.0
4672.0
3776.0
4032.0
5056.0
5056.0
5440.0
3648.0
1344.0
-3008.0
-7232.0
-6592.0
-2048.0
-576.0
-2304.0
2624.0
4608.0
2688.0
2816.0
1728.0
1344.0
-448.0
-2176.0
-3776.0
-3328.0
-512.0
128.0
704.0
960.0
128.0
-384.0
1216.0
768.0
448.0
-1792.0
-1984.0
64.0
640.0
1088.0
-512.0
-384.0
-448.0
-320.0
384.0
-192.0
-896.0
-1024.0
192.0
1024.0
192.0
-1600.0
256.0
1152.0
1664.0
832.0
640.0
-576.0
-320.0
768.0
512.0
640.0
1600.0
3136.0
3392.0
2112.0
2048.0
2240.0
2944.0
2368.0
256.0
-1600.0
-1664.0
128.0
-1856.0
-1408.0
-512.0
-1920.0
320.0
1216.0
1728.0
2112.0
1024.0
640.0
576.0
-960.0
-960.0
-1344.0
-1088.0
-1408.0
-512.0
128.0
320.0
192.0
-384.0
0.0
320.0
-960.0
-1280.0
-1792.0
-768.0
512.0
1664.0
768.0
576.0
704.0
576.0
-64.0
-1472.0
-2176.0
-320.0
-64.0
576.0
-128.0
1600.0
384.0
-448.0
-512.0
-896.0
-384.0
1024.0
2112.0
-256.0
192.0
2240.0
1920.0
1216.0
448.0
1536.0
1024.0
1088.0
1536.0
2432.0
1472.0
1664.0
64.0
-1536.0
-2560.0
-640.0
-960.0
-1856.0
-640.0
768.0
448.0
128.0
1088.0
-832.0
192.0
128.0
1088.0
256.0
-64.0
-1984.0
-2496.0
-3072.0
-3136.0
-960.0
-384.0
1536.0
3776.0
3072.0
2240.0
1152.0
384.0
-64.0
-832.0
-2176.0
-2816.0
-3904.0
-4736.0
-3264.0
-256.0
1728.0
4800.0
5120.0
4864.0
5120.0
3904.0
3392.0
2176.0
-64.0
-1600.0
384.0
256.0
-2944.0
-3264.0
-3712.0
-2560.0
-2176.0
-2240.0
1728.0
2048.0
640.0
-256.0
1024.0
1856.0
1856.0
1664.0
1472.0
192.0
-704.0
-896.0
256.0
128.0
128.0
-1088.0
-576.0
-768.0
512.0
-320.0
-896.0
-1856.0
-768.0
-2432.0
-3200.0
-2624.0
-2816.0
-4032.0
-3840.0
-2560.0
1408.0
3840.0
3264.0
5184.0
8000.0
8320.0
6464.0
5760.0
576.0
-4608.0
-8192.0
-5824.0
-2048.0
-960.0
-1344.0
-960.0
1152.0
1856.0
4672.0
4288.0
5248.0
5632.0
5120.0
2624.0
-2496.0
-3776.0
-4544.0
-4672.0
-3712.0
-1600.0
-3520.0
-1280.0
-576.0
1664.0
2496.0
0.0
576.0
1024.0
-1600.0
-1536.0
-2176.0
-1984.0
-1472.0
640.0
1728.0
1984.0
1088.0
192.0
1856.0
2304.0
1856.0
2368.0
704.0
448.0
384.0
448.0
1344.0
64.0
256.0
-1216.0
-320.0
-128.0
960.0
1856.0
2240.0
1536.0
-256.0
-1600.0
-320.0
-2624.0
64.0
-2304.0
-2432.0
-1216.0
64.0
1856.0
448.0
1152.0
64.0
768.0
384.0
768.0
320.0
-192.0
512.0
-2816.0
-3584.0
-2688.0
-1344.0
-64.0
-64.0
320.0
640.0
-1856.0
-960.0
512.0
896.0
0.0
-576.0
1472.0
320.0
128.0
128.0
1216.0
640.0
1408.0
2048.0
3136.0
3200.0
2624.0
1728.0
-512.0
1408.0
576.0
384.0
-256.0
-3264.0
-3648.0
-2752.0
-2688.0
-1280.0
-640.0
448.0
-640.0
-128.0
448.0
-320.0
-2048.0
-2880.0
-3648.0
-2944.0
-2048.0
-1216.0
1280.0
1536.0
640.0
1472.0
1728.0
0.0
-256.0
960.0
3072.0
832.0
-320.0
-64.0
768.0
2112.0
1344.0
1024.0
1920.0
1408.0
704.0
704.0
-320.0
1600.0
1856.0
1024.0
1152.0
-1728.0
-640.0
64.0
2752.0
3776.0
1152.0
-192.0
-128.0
192.0
1088.0
-1664.0
-2048.0
192.0
-896.0
-704.0
-960.0
320.0
-320.0
-1088.0
-1856.0
-3008.0
-5120.0
-7296.0
-6528.0
-192.0
1280.0
1280.0
4160.0
7488.0
6784.0
4352.0
1920.0
-2048.0
-6400.0
-6848.0
-5248.0
-704.0
-960.0
192.0
2112.0
4608.0
7488.0
9024.0
8768.0
9728.0
8960.0
4544.0
448.0
-896.0
-4288.0
-6464.0
-5120.0
-4352.0
-4864.0
-4672.0
-2560.0
-320.0
1024.0
-256.0
0.0
1344.0
-192.0
-2048.0
-1920.0
-1536.0
-1536.0
-2112.0
512.0
512.0
3008.0
1600.0
384.0
-704.0
-1920.0
-896.0
-1152.0
-512.0
896.0
192.0
1344.0
2880.0
3584.0
4032.0
6016.0
5248.0
2816.0
896.0
-384.0
-1920.0
-2304.0
-1728.0
-256.0
1408.0
-768.0
-704.0
-1536.0
-2624.0
-1472.0
256.0
-1792.0
-1216.0
-704.0
-1408.0
-1024.0
-1024.0
-512.0
-2304.0
-2688.0
-3136.0
-1408.0
-3456.0
-2624.0
-576.0
-384.0
640.0
1408.0
-768.0
-192.0
1600.0
2176.0
3008.0
3136.0
2432.0
2816.0
3712.0
4160.0
3520.0
4544.0
4672.0
1920.0
-2816.0
-2752.0
-576.0
-2112.0
-2496.0
-2816.0
-1920.0
1472.0
1792.0
-320.0
-2112.0
-3072.0
-2048.0
448.0
-64.0
-1152.0
-192.0
-2880.0
-2240.0
-1280.0
-1280.0
-832.0
704.0
-320.0
384.0
448.0
-256.0
-704.0
-896.0
0.0
768.0
1984.0
1856.0
3008.0
2112.0
3840.0
1600.0
1920.0
960.0
768.0
768.0
1216.0
2432.0
3200.0
1600.0
2688.0
2944.0
1408.0
-64.0
-2560.0
-6592.0
-4224.0
-2816.0
-3072.0
-3456.0
-2624.0
-1408.0
-2304.0
-3968.0
-5056.0
-3072.0
-1728.0
448.0
1792.0
-192.0
0.0
2624.0
1408.0
-1792.0
-2624.0
-3520.0
576.0
3712.0
3968.0
2944.0
2432.0
2688.0
2176.0
4096.0
2624.0
576.0
1600.0
1600.0
2304.0
576.0
128.0
-832.0
-2112.0
-4096.0
-6464.0
-5120.0
-3072.0
-2432.0
-704.0
-2304.0
-192.0
-1728.0
-1344.0
-1344.0
256.0
1600.0
1920.0
1920.0
2304.0
1792.0
128.0
-768.0
-2176.0
-1536.0
-2688.0
-3904.0
-4352.0
-2560.0
-1920.0
-448.0
1920.0
4480.0
6016.0
5888.0
6976.0
5760.0
4736.0
3200.0
2432.0
-128.0
-1536.0
-2560.0
-896.0
-1984.0
-2176.0
-1024.0
-576.0
-1344.0
-640.0
-384.0
-1152.0
-512.0
64.0
-64.0
320.0
-1088.0
-320.0
0.0
-256.0
-768.0
-1408.0
-2624.0
-2240.0
-2944.0
-2688.0
-1792.0
-2624.0
-1984.0
-2688.0
-1408.0
-832.0
1280.0
832.0
1984.0
2048.0
5568.0
6336.0
6208.0
4096.0
1664.0
576.0
2240.0
2560.0
2816.0
832.0
-1088.0
-1472.0
-1664.0
-1536.0
-1664.0
-3072.0
-3968.0
-2944.0
-1856.0
-1024.0
-704.0
-704.0
-704.0
-256.0
-960.0
-1792.0
-2304.0
-1728.0
-2112.0
-768.0
-896.0
-320.0
-512.0
-512.0
-1024.0
-512.0
704.0
2560.0
3712.0
1856.0
1408.0
2432.0
128.0
2624.0
4544.0
6720.0
2944.0
256.0
-960.0
-640.0
-128.0
-2688.0
-3200.0
-6720.0
-5568.0
-3840.0
-2496.0
-3712.0
-4224.0
-3456.0
320.0
2816.0
3648.0
2496.0
-1920.0
1024.0
1536.0
256.0
-3200.0
-7552.0
-12224.0
-10624.0
-5248.0
-64.0
3712.0
3584.0
3136.0
7040.0
9024.0
8448.0
8448.0
1920.0
6528.0
8512.0
4608.0
1088.0
-704.0
-3392.0
-6272.0
-7616.0
-5824.0
-4992.0
-3904.0
-2816.0
-2496.0
-1280.0
-1728.0
-1152.0
896.0
1664.0
1664.0
1088.0
1856.0
2176.0
1984.0
704.0
-128.0
-1024.0
-512.0
-2752.0
-4800.0
-4672.0
-5632.0
-4480.0
-2176.0
-1216.0
1088.0
256.0
4160.0
5376.0
5120.0
3520.0
4608.0
2240.0
1984.0
832.0
1216.0
-192.0
-1536.0
-3584.0
-5056.0
-4032.0
-3520.0
-4352.0
-5120.0
-4992.0
-4800.0
-3904.0
-1216.0
-1152.0
-640.0
1984.0
3456.0
4160.0
3008.0
128.0
256.0
-256.0
-2176.0
-1984.0
-1216.0
-320.0
1856.0
1792.0
4160.0
2624.0
3264.0
2944.0
2176.0
1792.0
-192.0
640.0
5120.0
2048.0
448.0
-3520.0
-6848.0
-7040.0
-5568.0
-2752.0
-1216.0
-256.0
896.0
1088.0
128.0
832.0
128.0
320.0
-640.0
-1536.0
-832.0
-1024.0
-960.0
-1600.0
-2752.0
-3136.0
-1152.0
-256.0
-1280.0
-704.0
-1024.0
-3520.0
-3648.0
-2176.0
256.0
4544.0
8704.0
9856.0
8576.0
5440.0
2560.0
1280.0
832.0
-320.0
-1280.0
-1792.0
-3200.0
-7488.0
-8128.0
-8064.0
-6208.0
-1344.0
384.0
1728.0
-512.0
6976.0
7104.0
8832.0
704.0
-8000.0
-9856.0
-9088.0
-6656.0
-2048.0
192.0
-128.0
1152.0
-1472.0
8576.0
5504.0
6528.0
6912.0
2816.0
2624.0
-576.0
-256.0
-1600.0
512.0
2048.0
1856.0
-64.0
320.0
128.0
-192.0
-320.0
-1920.0
-3392.0
-1600.0
-512.0
-256.0
320.0
-3200.0
-2176.0
-1280.0
-1792.0
-1920.0
-1408.0
-1088.0
-1792.0
-2048.0
-1024.0
-1216.0
-2240.0
-2560.0
-2368.0
-1856.0
-960.0
1600.0
2112.0
2240.0
3456.0
3904.0
5184.0
5504.0
3904.0
4032.0
3008.0
2560.0
128.0
-2112.0
-3264.0
-5568.0
-5952.0
-4288.0
-2112.0
-1856.0
-2752.0
-1984.0
-1216.0
-896.0
-1216.0
-1280.0
1088.0
1600.0
2176.0
192.0
-128.0
-64.0
-256.0
-1344.0
-1472.0
-2880.0
-1984.0
-1344.0
1920.0
2880.0
7488.0
7360.0
8384.0
8384.0
4800.0
2880.0
1088.0
-1216.0
-6016.0
-3968.0
-1984.0
-5056.0
-7680.0
-9984.0
-2496.0
1472.0
3328.0
2176.0
576.0
-384.0
-960.0
-4096.0
-4480.0
-1728.0
-768.0
-704.0
768.0
640.0
448.0
-384.0
-832.0
-2176.0
-5824.0
-1728.0
192.0
2880.0
2240.0
3008.0
3136.0
0.0
1728.0
3008.0
3200.0
3136.0
1984.0
256.0
-1216.0
-2624.0
-5440.0
-2368.0
448.0
4096.0
4096.0
3456.0
4544.0
5248.0
1152.0
-768.0
-6464.0
-7424.0
-5120.0
-1984.0
-1856.0
-768.0
-256.0
-2624.0
-4928.0
832.0
4992.0
5120.0
8000.0
4928.0
3008.0
2816.0
1664.0
-960.0
-1408.0
-1280.0
-1984.0
-704.0
-64.0
640.0
0.0
-768.0
-384.0
-576.0
-1152.0
-2112.0
-4096.0
-3584.0
-3008.0
-1856.0
-448.0
512.0
320.0
-768.0
-2752.0
-3520.0
-2112.0
-512.0
-2176.0
-2432.0
-320.0
-64.0
512.0
-1600.0
-1344.0
1600.0
3712.0
3904.0
4672.0
7168.0
7424.0
6464.0
2496.0
1088.0
-1344.0
-2560.0
-2944.0
-4480.0
-4608.0
-6080.0
-5248.0
-4224.0
-192.0
768.0
448.0
1728.0
2560.0
1856.0
960.0
-1152.0
-1664.0
-2048.0
-960.0
-2688.0
-4672.0
-4928.0
-4032.0
-1664.0
-896.0
1728.0
1856.0
4992.0
5440.0
4544.0
2944.0
2176.0
1152.0
1472.0
448.0
960.0
-960.0
-1856.0
-2112.0
-1536.0
-2880.0
-2432.0
-2624.0
-768.0
-768.0
-640.0
-832.0
-704.0
-1664.0
-1792.0
-2304.0
-1664.0
-1344.0
-1792.0
-3776.0
-4672.0
-2240.0
512.0
-448.0
3264.0
3584.0
1728.0
1984.0
704.0
3904.0
3968.0
3328.0
-256.0
-576.0
-2048.0
-3904.0
-5056.0
-4736.0
-1408.0
-320.0
-5888.0
7040.0
9088.0
3712.0
256.0
-5440.0
-3712.0
-3904.0
-3456.0
-3072.0
-3456.0
-3072.0
-2048.0
2752.0
9728.0
8192.0
8064.0
7168.0
-4736.0
-6144.0
-5248.0
-1920.0
1600.0
1216.0
896.0
3328.0
3200.0
3008.0
4928.0
3392.0
1536.0
576.0
-1600.0
-3328.0
192.0
-320.0
-3008.0
-1280.0
-2368.0
-3456.0
-2368.0
-2432.0
-3456.0
-3136.0
-1728.0
-896.0
192.0
-1088.0
-704.0
-256.0
768.0
2240.0
2432.0
4160.0
5632.0
4288.0
5504.0
4800.0
4544.0
1856.0
-896.0
-2176.0
-3072.0
-4032.0
-3584.0
-7744.0
-8832.0
-4544.0
-1024.0
-320.0
1216.0
-64.0
640.0
1856.0
896.0
0.0
-1152.0
-2432.0
-3456.0
-1984.0
-3072.0
-2560.0
-1728.0
-1152.0
-1920.0
-1856.0
-704.0
640.0
1856.0
-256.0
2560.0
2368.0
4544.0
1792.0
2688.0
4288.0
6144.0
6208.0
1920.0
-320.0
-640.0
-1728.0
-2560.0
-1920.0
-2496.0
-2176.0
-2880.0
-3648.0
-4800.0
-2816.0
-1408.0
-1152.0
-1344.0
-704.0
-2176.0
-1664.0
-2624.0
-3136.0
2112.0
960.0
-896.0
-128.0
1216.0
3648.0
6208.0
2176.0
1280.0
-2688.0
-2752.0
-1792.0
-3904.0
-1792.0
768.0
320.0
1664.0
14144.0
5312.0
2944.0
