4160.0
28480.0
26560.0
19456.0
-8896.0
-17280.0
-13120.0
832.0
6912.0
4736.0
-1472.0
-6400.0
-8064.0
-4480.0
704.0
3584.0
256.0
-3392.0
-4480.0
-3904.0
832.0
2560.0
5952.0
4160.0
7552.0
18496.0
15680.0
7936.0
-896.0
576.0
2752.0
4928.0
4672.0
-768.0
-2560.0
-3264.0
-1344.0
-512.0
-4224.0
-4800.0
-4352.0
-1344.0
-1152.0
-1856.0
-3712.0
-3968.0
-2560.0
576.0
1024.0
-832.0
-960.0
-256.0
2176.0
3072.0
2816.0
-64.0
-256.0
-1216.0
-1984.0
-3136.0
-4160.0
-3648.0
-1856.0
-1600.0
-1920.0
-2560.0
-2624.0
-2112.0
-1280.0
-1408.0
-1600.0
-1792.0
-1536.0
-1088.0
-704.0
-832.0
-192.0
64.0
384.0
1088.0
1408.0
1792.0
1280.0
320.0
-1664.0
-1920.0
-1472.0
-704.0
-896.0
-704.0
-768.0
-832.0
-768.0
-1216.0
-5824.0
-11008.0
-10240.0
-10816.0
-8576.0
-7680.0
-7680.0
-8064.0
-4480.0
128.0
18752.0
3904.0
4800.0
9472.0
11520.0
12800.0
8576.0
8000.0
7552.0
7488.0
7168.0
6720.0
6400.0
5952.0
4928.0
3968.0
3136.0
1344.0
960.0
896.0
640.0
512.0
-896.0
-1344.0
-1664.0
-1792.0
-2112.0
-1472.0
-1536.0
-1280.0
-640.0
-64.0
832.0
1280.0
1344.0
1344.0
1408.0
1792.0
2304.0
2560.0
2560.0
2176.0
2496.0
2624.0
2560.0
2176.0
2624.0
2240.0
1984.0
2112.0
2112.0
2432.0
2112.0
1344.0
192.0
576.0
512.0
704.0
320.0
128.0
0.0
832.0
2304.0
1664.0
1408.0
768.0
832.0
320.0
512.0
832.0
1792.0
1856.0
1152.0
1984.0
2624.0
2688.0
3648.0
3136.0
3136.0
2944.0
2688.0
3712.0
3712.0
2816.0
192.0
128.0
0.0
-128.0
576.0
128.0
-320.0
-640.0
-832.0
-384.0
320.0
-576.0
1856.0
3968.0
1472.0
832.0
-704.0
-448.0
-576.0
320.0
1344.0
1024.0
1024.0
1728.0
3648.0
4160.0
5376.0
4480.0
5120.0
3328.0
3584.0
3200.0
-320.0
-448.0
-896.0
-1088.0
-448.0
384.0
128.0
1536.0
1856.0
2624.0
3520.0
1152.0
512.0
-576.0
192.0
-576.0
1536.0
1536.0
1664.0
1920.0
1984.0
4608.0
3904.0
1216.0
-320.0
320.0
-320.0
64.0
640.0
1344.0
1088.0
1472.0
1024.0
2368.0
2752.0
1344.0
-64.0
-128.0
576.0
-320.0
448.0
1600.0
3072.0
2432.0
2112.0
3648.0
1728.0
512.0
1280.0
1920.0
4032.0
2176.0
2304.0
2176.0
1280.0
1088.0
448.0
512.0
1344.0
1728.0
1792.0
960.0
2624.0
2304.0
960.0
-832.0
64.0
1216.0
960.0
384.0
1920.0
640.0
1024.0
1536.0
-448.0
448.0
64.0
256.0
1600.0
1792.0
1600.0
1408.0
640.0
512.0
384.0
64.0
832.0
640.0
384.0
2368.0
2816.0
3904.0
4416.0
3904.0
576.0
256.0
-640.0
448.0
-1216.0
-192.0
256.0
384.0
-320.0
0.0
1024.0
1408.0
2240.0
3968.0
2624.0
832.0
-1024.0
-1600.0
128.0
768.0
1472.0
832.0
2560.0
1728.0
256.0
-640.0
896.0
1472.0
1856.0
3136.0
4928.0
4096.0
4352.0
128.0
192.0
1792.0
4224.0
1664.0
2240.0
64.0
-1344.0
1088.0
640.0
-512.0
704.0
1088.0
-192.0
-256.0
-192.0
-320.0
320.0
1792.0
1856.0
1664.0
1920.0
-832.0
320.0
1728.0
2048.0
1664.0
4288.0
448.0
3264.0
256.0
1216.0
1344.0
128.0
-768.0
-704.0
192.0
-1600.0
-1408.0
1536.0
1216.0
3648.0
2688.0
1472.0
896.0
0.0
2176.0
1792.0
2752.0
0.0
-1152.0
128.0
64.0
1216.0
768.0
3712.0
1024.0
256.0
768.0
1536.0
64.0
2304.0
3264.0
2112.0
-960.0
-896.0
-960.0
-768.0
192.0
2688.0
-1984.0
-1152.0
576.0
704.0
1728.0
-832.0
-1536.0
1472.0
2176.0
4160.0
1792.0
-896.0
-2624.0
-832.0
-832.0
704.0
2880.0
3200.0
640.0
-1024.0
1792.0
1088.0
4608.0
3136.0
2944.0
1280.0
3136.0
2624.0
2816.0
3904.0
2176.0
-448.0
2240.0
1536.0
3520.0
3392.0
704.0
-256.0
640.0
1088.0
192.0
1920.0
1728.0
64.0
1664.0
4160.0
3328.0
1664.0
-1216.0
-1088.0
-2752.0
-3904.0
-2944.0
-1280.0
-1280.0
960.0
-1152.0
128.0
320.0
-896.0
-832.0
512.0
-1856.0
1536.0
1216.0
1600.0
1408.0
832.0
1280.0
1344.0
-640.0
576.0
2304.0
2048.0
3520.0
2496.0
2176.0
1792.0
2880.0
2176.0
1984.0
3584.0
768.0
-1920.0
-768.0
-704.0
64.0
-1536.0
-1024.0
-64.0
1408.0
1728.0
4352.0
512.0
2304.0
1344.0
4096.0
832.0
1472.0
1088.0
2688.0
2944.0
3712.0
2944.0
256.0
1472.0
2752.0
1344.0
-448.0
-2944.0
-3840.0
-3968.0
-3712.0
-2880.0
1344.0
2624.0
896.0
192.0
1600.0
1664.0
3968.0
3712.0
5824.0
1984.0
2176.0
2816.0
3136.0
2752.0
1856.0
320.0
-1088.0
-2048.0
-1536.0
-2368.0
-1728.0
-2304.0
-2304.0
-4416.0
-1792.0
-128.0
-1152.0
-576.0
-1280.0
384.0
128.0
1536.0
-1536.0
768.0
3072.0
2432.0
1280.0
4864.0
4096.0
128.0
384.0
-1792.0
3456.0
4544.0
5888.0
7936.0
4224.0
4032.0
0.0
2176.0
-1536.0
-192.0
-3904.0
128.0
1856.0
3200.0
2496.0
1600.0
-2432.0
-3520.0
-1472.0
-384.0
2432.0
-896.0
-3136.0
-4224.0
-2752.0
-2176.0
192.0
4800.0
4416.0
512.0
1152.0
0.0
-2048.0
-3648.0
0.0
-64.0
256.0
1216.0
64.0
1856.0
896.0
-3520.0
-448.0
7616.0
4288.0
6464.0
1728.0
-512.0
-448.0
-1728.0
-2304.0
-2816.0
-512.0
2304.0
3456.0
4608.0
1024.0
2688.0
960.0
1536.0
-3264.0
-1152.0
-1664.0
1088.0
1216.0
704.0
1088.0
-1344.0
-1408.0
0.0
6720.0
3648.0
2368.0
-704.0
2688.0
2432.0
3904.0
-1792.0
-384.0
-1856.0
-1728.0
-1664.0
-1984.0
1344.0
2048.0
2688.0
-64.0
384.0
1024.0
-256.0
-1088.0
-3456.0
-3904.0
-2112.0
-2560.0
0.0
-1024.0
-2240.0
-3072.0
-8064.0
-5312.0
576.0
6336.0
640.0
-2560.0
4928.0
6336.0
1856.0
3264.0
3200.0
4416.0
4992.0
5696.0
640.0
3968.0
4480.0
1984.0
2688.0
2688.0
6784.0
1152.0
3712.0
4800.0
-704.0
-2304.0
-4480.0
-4736.0
-4800.0
-2432.0
-3008.0
-5952.0
-5248.0
-2560.0
-4160.0
-1664.0
1280.0
768.0
-2112.0
1280.0
2752.0
2560.0
3008.0
3136.0
2496.0
3392.0
448.0
2112.0
704.0
-1728.0
320.0
768.0
2944.0
256.0
-384.0
-2752.0
-2688.0
5056.0
5760.0
-896.0
2624.0
-1088.0
1408.0
1344.0
7680.0
9920.0
1792.0
-320.0
-2048.0
-2560.0
-1344.0
-3840.0
-704.0
-4224.0
2816.0
3072.0
2048.0
2816.0
4736.0
1280.0
3328.0
2176.0
960.0
512.0
1408.0
1664.0
2688.0
-1472.0
-1664.0
-3840.0
-2496.0
-1984.0
-2752.0
-4224.0
-5184.0
-4032.0
-3456.0
-5120.0
-5184.0
-3200.0
-320.0
960.0
3264.0
3200.0
4160.0
5760.0
7488.0
7616.0
6656.0
832.0
-640.0
256.0
-128.0
-512.0
3840.0
7872.0
7424.0
1216.0
5760.0
128.0
-4416.0
-2944.0
-1280.0
-1024.0
1024.0
512.0
-384.0
448.0
1216.0
2048.0
1856.0
640.0
1152.0
-1792.0
-2496.0
-2624.0
-384.0
-1856.0
-2048.0
1024.0
1408.0
-512.0
-384.0
-64.0
-384.0
-320.0
-128.0
-2304.0
-1728.0
0.0
-128.0
640.0
1216.0
-896.0
-192.0
-1920.0
-1856.0
-1024.0
640.0
1408.0
384.0
128.0
2176.0
3584.0
1664.0
3328.0
4864.0
5632.0
3392.0
1024.0
-960.0
-3648.0
-1984.0
-2688.0
1280.0
3904.0
7488.0
3072.0
-640.0
-3200.0
-2944.0
-512.0
-896.0
-384.0
-960.0
-1472.0
-4992.0
-5120.0
-5504.0
-3520.0
-2752.0
-2624.0
-1472.0
-1344.0
128.0
1280.0
896.0
4672.0
4864.0
5696.0
6400.0
5248.0
8768.0
2368.0
3392.0
6976.0
6208.0
6016.0
1344.0
-640.0
512.0
-2496.0
576.0
-192.0
-4032.0
-4480.0
-4480.0
-4928.0
-2816.0
-576.0
2112.0
576.0
-1472.0
3648.0
4416.0
1408.0
3584.0
3840.0
3264.0
960.0
2304.0
-704.0
832.0
448.0
320.0
704.0
320.0
576.0
-128.0
576.0
128.0
-768.0
-2176.0
-8960.0
-8832.0
-1280.0
15104.0
15616.0
-3200.0
-5312.0
-5376.0
12800.0
13056.0
2880.0
8256.0
4160.0
64.0
-1280.0
1024.0
1600.0
128.0
5376.0
5376.0
3072.0
-1088.0
-2880.0
-2176.0
-14912.0
-10880.0
128.0
-128.0
-2624.0
-1984.0
-512.0
-2880.0
-896.0
256.0
-512.0
-192.0
4864.0
5824.0
-1600.0
-2752.0
-384.0
-2112.0
-1472.0
-704.0
-2944.0
6912.0
11904.0
8128.0
-6464.0
0.0
8512.0
2304.0
5248.0
-1984.0
-6016.0
1344.0
8640.0
5760.0
-2944.0
-3904.0
-1728.0
-6208.0
-6016.0
-7744.0
-3584.0
512.0
3392.0
3392.0
12096.0
64.0
-128.0
-384.0
-8384.0
-7104.0
-832.0
-640.0
1856.0
1792.0
1472.0
192.0
-3520.0
-6400.0
-7296.0
-1600.0
-512.0
2304.0
832.0
128.0
1152.0
-832.0
3136.0
9792.0
18432.0
-320.0
-5120.0
-2752.0
2112.0
2880.0
7936.0
1664.0
1856.0
-1152.0
-1152.0
448.0
-5440.0
-7296.0
-4672.0
-64.0
-384.0
-192.0
512.0
-2432.0
-4480.0
-2496.0
-1792.0
-2816.0
-1728.0
704.0
832.0
3264.0
8256.0
12544.0
2944.0
6336.0
7424.0
-3904.0
-640.0
960.0
10624.0
6976.0
-9152.0
-5632.0
-4864.0
-3520.0
-2240.0
-2112.0
-2496.0
2816.0
3648.0
448.0
-1920.0
-1920.0
-896.0
704.0
4672.0
2496.0
896.0
1536.0
960.0
1984.0
3136.0
1792.0
-1600.0
2560.0
2048.0
2688.0
2880.0
-2112.0
-6336.0
-9280.0
-9024.0
-3008.0
-5056.0
-2112.0
-576.0
-4608.0
-3776.0
-2816.0
256.0
1984.0
17344.0
6848.0
3008.0
3776.0
3136.0
1664.0
2112.0
5376.0
4864.0
3136.0
2368.0
-8128.0
-5696.0
-7104.0
-4160.0
-1920.0
960.0
448.0
-3712.0
-1920.0
832.0
2176.0
3328.0
1984.0
896.0
2624.0
192.0
1856.0
2240.0
1216.0
-5376.0
-2432.0
-4160.0
-1728.0
192.0
0.0
448.0
1216.0
1472.0
128.0
2240.0
2368.0
2048.0
2368.0
3968.0
2560.0
5952.0
4032.0
1856.0
1856.0
-3136.0
-1600.0
-1344.0
-2432.0
-704.0
-896.0
-1152.0
-1024.0
-2112.0
-1024.0
-960.0
-1472.0
-1088.0
-1856.0
-960.0
-7232.0
-3776.0
-512.0
-128.0
-2368.0
-512.0
-1152.0
12032.0
14016.0
2560.0
-3072.0
-704.0
3968.0
704.0
8832.0
2496.0
-256.0
256.0
448.0
1152.0
2176.0
1344.0
1088.0
-10112.0
-2432.0
-256.0
-1216.0
-5952.0
-2432.0
-768.0
-960.0
-1280.0
-1152.0
256.0
1280.0
1792.0
2624.0
1024.0
2496.0
1216.0
1664.0
1024.0
2176.0
5184.0
3776.0
3328.0
-2112.0
-8000.0
-5312.0
-2112.0
5440.0
3840.0
512.0
-1280.0
1472.0
3136.0
-2112.0
-2048.0
-320.0
-1600.0
-1152.0
768.0
1088.0
640.0
-320.0
320.0
-1664.0
-128.0
3136.0
3456.0
4224.0
8064.0
896.0
-640.0
-2944.0
-11520.0
-10624.0
-7104.0
-8448.0
-4736.0
-2944.0
-3200.0
-3072.0
-448.0
26560.0
10176.0
1216.0
-1536.0
-320.0
-2304.0
-576.0
-320.0
768.0
-64.0
-256.0
-1728.0
-832.0
-384.0
-384.0
4992.0
896.0
896.0
6208.0
3712.0
-1856.0
-6912.0
-4928.0
-6720.0
-3264.0
-2880.0
-1792.0
-3072.0
-2496.0
-3520.0
-3776.0
192.0
640.0
-1280.0
256.0
7168.0
4480.0
2112.0
-2816.0
768.0
512.0
3584.0
2752.0
9536.0
1792.0
-704.0
-9984.0
-7296.0
-1280.0
-1280.0
-640.0
1600.0
3584.0
2496.0
-896.0
-576.0
-1088.0
-192.0
-576.0
-384.0
-192.0
-896.0
-1600.0
-9728.0
-4288.0
-2240.0
-3136.0
-2560.0
-1472.0
-3840.0
-1216.0
-1280.0
-1024.0
-1024.0
2688.0
19904.0
15936.0
1792.0
1792.0
4096.0
768.0
1280.0
-832.0
-4416.0
960.0
960.0
-2496.0
-4800.0
-2112.0
-2048.0
-1280.0
384.0
-1408.0
-2560.0
-3328.0
-1408.0
2496.0
1472.0
5568.0
768.0
-896.0
768.0
896.0
-512.0
4608.0
-1152.0
-2624.0
-10048.0
-5376.0
-1984.0
-2112.0
-2368.0
8576.0
2944.0
0.0
4992.0
6592.0
-2368.0
-3968.0
-256.0
2176.0
2560.0
256.0
-320.0
1024.0
-1600.0
-3200.0
-1344.0
-1664.0
-3520.0
-2048.0
128.0
-448.0
-3584.0
-2752.0
1216.0
-8256.0
-8896.0
-960.0
-768.0
-3264.0
-3264.0
4416.0
13248.0
11968.0
3136.0
832.0
-3008.0
-1088.0
576.0
448.0
-1984.0
-320.0
-3456.0
-2560.0
1344.0
3456.0
1024.0
384.0
-1536.0
4928.0
11520.0
3328.0
-1792.0
-1664.0
-1408.0
-384.0
5696.0
2240.0
-8192.0
-8832.0
-9344.0
-4864.0
-1792.0
-1024.0
-2240.0
-9664.0
-5504.0
1856.0
21568.0
20288.0
-6016.0
-2496.0
1280.0
20608.0
16512.0
-1088.0
-2240.0
-5376.0
-5888.0
-3584.0
-3328.0
320.0
1728.0
2240.0
4928.0
0.0
-64.0
0.0
-960.0
-1152.0
-6592.0
-3200.0
-2496.0
-4096.0
-6592.0
-1792.0
-1408.0
-2752.0
-4864.0
-4032.0
-1856.0
-2944.0
-2176.0
12928.0
20224.0
-1920.0
-2880.0
832.0
-704.0
2624.0
0.0
-512.0
-3968.0
5056.0
-1792.0
-704.0
-5760.0
-4160.0
-1472.0
3072.0
3008.0
-2368.0
-448.0
-1216.0
-1216.0
1280.0
9664.0
6784.0
-64.0
-1216.0
-1024.0
768.0
6208.0
3840.0
-4544.0
-7040.0
-9344.0
-2112.0
-2240.0
-2176.0
5696.0
11072.0
896.0
2112.0
4352.0
-1856.0
-4096.0
2304.0
2240.0
3712.0
-1152.0
256.0
-64.0
896.0
64.0
3264.0
4544.0
4608.0
17792.0
19648.0
2368.0
-2432.0
-8704.0
-13312.0
-13248.0
-8256.0
-3968.0
-6016.0
-6720.0
-5440.0
-1856.0
1024.0
4352.0
8960.0
13568.0
15104.0
7552.0
-11392.0
-14848.0
-3584.0
-1472.0
64.0
3392.0
5888.0
5504.0
5952.0
3712.0
320.0
4928.0
5888.0
1280.0
2560.0
-4096.0
-5376.0
-6528.0
-3328.0
-6272.0
-6336.0
-5760.0
-2368.0
-2560.0
832.0
6400.0
704.0
8768.0
9920.0
6592.0
-2944.0
-640.0
13184.0
8064.0
-1344.0
1984.0
384.0
-3328.0
-2944.0
3264.0
3584.0
4736.0
1728.0
4864.0
-1600.0
-512.0
-896.0
-448.0
-320.0
-6272.0
-1600.0
-2368.0
-896.0
-2432.0
-4544.0
-2304.0
-2048.0
-7168.0
-7744.0
-4352.0
-1536.0
-704.0
-1536.0
-2176.0
-2496.0
2752.0
4672.0
6784.0
1536.0
-1856.0
-5952.0
15424.0
8256.0
-3648.0
-64.0
-256.0
-4352.0
-4288.0
6336.0
6080.0
768.0
128.0
-512.0
-2240.0
512.0
-2688.0
128.0
2688.0
8960.0
-832.0
-7168.0
4992.0
7680.0
-2944.0
-11328.0
-8576.0
-9472.0
-2688.0
-2112.0
-1856.0
10816.0
14400.0
-5504.0
-3008.0
2752.0
2624.0
-256.0
-64.0
1664.0
3264.0
-448.0
1728.0
0.0
-1088.0
-1024.0
5184.0
8576.0
3904.0
-3584.0
-4928.0
-19712.0
-25664.0
-17408.0
-13760.0
-15808.0
-17472.0
-14336.0
-11904.0
-8640.0
-11392.0
-16192.0
-16512.0
-11968.0
-6912.0
-10496.0
-10496.0
-9472.0
-8640.0
-12480.0
-13376.0
-13120.0
-8640.0
-5760.0
-3840.0
-3520.0
-4608.0
-4480.0
-2432.0
-1728.0
-2048.0
512.0
1856.0
-704.0
1600.0
6784.0
26048.0
10816.0
-1088.0
-704.0
384.0
-1728.0
5312.0
9984.0
9408.0
4672.0
4608.0
6016.0
10048.0
13184.0
10496.0
9920.0
14976.0
7936.0
-2688.0
14208.0
-1728.0
-3904.0
-1344.0
1472.0
18112.0
4224.0
2304.0
-128.0
1280.0
-640.0
14656.0
7360.0
2944.0
512.0
-1088.0
5888.0
15360.0
2752.0
4096.0
-768.0
-2560.0
-2240.0
-3200.0
-8512.0
-3264.0
-832.0
2112.0
5312.0
-8192.0
-8960.0
-9472.0
-1856.0
-640.0
-2880.0
-9664.0
-3584.0
4032.0
-7936.0
-10368.0
-1600.0
-5632.0
-8320.0
-5120.0
-3840.0
-4928.0
-2816.0
-448.0
2944.0
5376.0
6656.0
64.0
2112.0
6464.0
2752.0
7424.0
6400.0
2752.0
4928.0
6592.0
3008.0
1536.0
960.0
3648.0
5120.0
2624.0
2304.0
8256.0
6720.0
6464.0
9728.0
13440.0
6336.0
-4672.0
-4160.0
6080.0
6016.0
7296.0
10752.0
5120.0
704.0
-640.0
15680.0
-1344.0
19904.0
2304.0
1344.0
-384.0
5504.0
-3520.0
0.0
-1408.0
-3136.0
-4096.0
6656.0
8128.0
-10560.0
-14848.0
-10496.0
-6016.0
5504.0
-9088.0
-5760.0
-4160.0
2560.0
-640.0
7424.0
-2240.0
-6464.0
448.0
-4288.0
-6464.0
-2304.0
320.0
448.0
1152.0
-3392.0
2560.0
7488.0
0.0
-6848.0
-9344.0
-4288.0
-4416.0
-4544.0
-4096.0
-5248.0
-6336.0
-5120.0
-4160.0
-7616.0
-8832.0
-12992.0
-12224.0
-6336.0
-3584.0
-1152.0
192.0
4480.0
-8640.0
-10560.0
14400.0
9024.0
-9664.0
-13440.0
-2880.0
-7040.0
-1920.0
-5248.0
-5824.0
8640.0
6720.0
-1856.0
-4032.0
-8064.0
-5952.0
-3072.0
-1728.0
2048.0
3264.0
-3200.0
-768.0
-4160.0
-7104.0
-5440.0
-4352.0
-5184.0
-4160.0
-1536.0
-2368.0
-1984.0
-4288.0
-6272.0
-3072.0
-2176.0
-1792.0
-1152.0
-768.0
-512.0
-1024.0
-704.0
-1408.0
-960.0
-2176.0
-1536.0
-1408.0
-1856.0
-2112.0
-1920.0
-1664.0
-1216.0
-1344.0
-1088.0
-1152.0
-1088.0
-64.0
-1344.0
-1408.0
-704.0
-640.0
6656.0
2688.0
-1664.0
-1088.0
2112.0
2496.0
3456.0
320.0
2048.0
-1024.0
-7296.0
-3136.0
192.0
-3904.0
-8704.0
-1280.0
-6592.0
3392.0
-12096.0
-13056.0
-4992.0
-4224.0
3136.0
-12288.0
-14144.0
-14592.0
-15040.0
-3136.0
-9536.0
-8000.0
-8128.0
-5376.0
-1920.0
-2816.0
-4608.0
-7104.0
-5696.0
-3264.0
704.0
-256.0
-3648.0
-576.0
960.0
768.0
576.0
-128.0
-448.0
-960.0
-320.0
-1344.0
768.0
-512.0
448.0
1408.0
640.0
1664.0
576.0
256.0
1152.0
1600.0
-640.0
-128.0
1280.0
256.0
-1344.0
256.0
-2560.0
-2880.0
-1216.0
-384.0
0.0
256.0
1024.0
-320.0
-896.0
-704.0
-1088.0
-2624.0
-2432.0
-2048.0
-3264.0
-3840.0
-2112.0
-4032.0
-4672.0
-2176.0
-3776.0
-5504.0
-2368.0
-4288.0
-6208.0
-4288.0
-3392.0
-2816.0
-1792.0
-2048.0
448.0
-2176.0
1408.0
-640.0
-1216.0
64.0
2048.0
15808.0
30400.0
3776.0
-7168.0
11840.0
18496.0
1344.0
3328.0
-896.0
6528.0
5120.0
3776.0
4160.0
8192.0
8384.0
1920.0
320.0
-1536.0
-2112.0
3456.0
3136.0
2240.0
768.0
-1408.0
-1216.0
-1920.0
-2240.0
-832.0
-2176.0
1152.0
-1792.0
-2880.0
-3712.0
-4480.0
-3904.0
-2176.0
-2752.0
-1536.0
-832.0
-640.0
-704.0
-2816.0
-3136.0
-3328.0
-960.0
-1152.0
-192.0
-640.0
-896.0
-768.0
576.0
-1344.0
-128.0
-128.0
448.0
2304.0
1344.0
1216.0
256.0
-320.0
1280.0
640.0
1728.0
1920.0
1600.0
1408.0
1664.0
4352.0
1472.0
1856.0
1536.0
7936.0
2880.0
1920.0
128.0
128.0
2048.0
-192.0
2624.0
3392.0
1472.0
-1984.0
2432.0
3584.0
1536.0
960.0
1152.0
512.0
-640.0
-512.0
640.0
-1408.0
1856.0
448.0
1600.0
128.0
-1408.0
-1280.0
3392.0
896.0
-256.0
-384.0
-3072.0
-1856.0
-832.0
2048.0
2304.0
-1280.0
-1728.0
1408.0
-1856.0
-1600.0
-640.0
2496.0
-1024.0
512.0
-2688.0
-960.0
512.0
2816.0
384.0
-1024.0
-1856.0
-704.0
128.0
2368.0
1920.0
256.0
1344.0
4928.0
-1088.0
1088.0
64.0
1728.0
3264.0
1920.0
0.0
896.0
3328.0
2496.0
1664.0
448.0
1152.0
4352.0
-192.0
-1856.0
2048.0
2112.0
-128.0
704.0
768.0
-1152.0
-320.0
512.0
-512.0
-1024.0
-512.0
0.0
-1024.0
128.0
320.0
-512.0
896.0
896.0
-832.0
-128.0
-896.0
-576.0
640.0
-1152.0
-2624.0
512.0
2624.0
1472.0
-1792.0
-1280.0
192.0
