-640
-3008
-2496
3392
6208
640
-2560
-6336
-4416
-768
960
256
-896
-2304
-1984
-960
0
384
1344
2048
3712
8640
10816
9088
10176
12224
5824
-1856
-3200
3776
5248
1984
-320
-768
-640
-960
-1728
-1728
-1216
-1280
-832
-192
-320
-832
-640
320
704
-192
-704
-1152
-832
-768
-1216
-1024
64
896
192
-832
192
2112
3136
2240
1856
1152
1344
384
-512
-1280
-3456
-4416
-1600
2560
448
-4480
-7424
-6272
-4736
-2432
-192
6592
8256
7360
8896
8384
7104
6080
5696
4544
3968
4160
2944
2880
2496
2624
1984
1664
1408
1216
1216
1152
1216
896
448
-576
-512
-768
-1600
-256
-64
-384
-320
512
576
192
448
768
640
1024
704
832
1024
640
1856
1856
2624
3328
2624
4032
4160
3200
2496
1984
1920
448
128
-320
0
-128
-512
-1088
-448
-192
128
512
2432
2240
2176
2048
3520
4032
2688
1152
1792
1408
1280
768
-640
256
448
1856
1024
1920
2112
1856
2688
3520
3200
3584
2560
1856
640
512
-320
256
960
512
192
832
192
768
1792
1920
2176
1920
768
1280
1728
1984
384
2752
2048
64
1408
2880
704
1728
-576
-1472
-1088
-320
64
1856
1664
1600
1408
1216
2176
2176
2880
960
704
896
2624
2880
2688
1728
2176
1280
2112
1152
-1344
320
-512
256
-768
-256
-64
1408
1728
768
2176
-1152
-1920
1856
4160
2880
3200
3520
3456
3072
192
-896
-960
-192
768
1280
128
768
-256
1984
1600
576
-1792
768
960
4352
2752
3712
3712
3200
2176
-192
2176
2432
4608
1024
2624
960
1728
0
-1536
-1600
64
-448
320
1664
3328
3200
-1856
-2880
-192
-1088
64
512
1472
4160
2048
512
384
0
1024
-640
3904
6400
576
1088
1792
-640
448
-320
2368
1216
1344
-2624
-1216
-2368
320
-256
2112
2496
2688
2752
1344
2624
960
2624
2304
2304
-256
-256
-1152
-64
1600
2496
3328
4096
1600
2240
1664
-1280
-1152
320
1536
576
-704
-2688
-640
-896
-1344
640
3520
1088
-1088
-1472
704
-320
1280
2816
2368
-512
1664
384
3264
1664
3904
1920
-3648
-640
-704
64
1600
2432
-384
-1856
-1152
704
4096
2368
3712
448
-640
2112
1408
4800
5504
3904
2112
4416
192
-448
1984
576
768
-320
1600
-448
-320
640
448
3456
5376
832
256
-576
-2688
64
512
-896
-2496
-1792
-1600
1792
1344
1472
1728
0
-384
-1664
704
-1280
-1216
768
128
-192
704
1152
2688
4224
2048
-2048
-3456
-2944
-1024
2496
4928
4416
256
1408
3200
2880
1472
1792
1152
-832
-1856
-1472
-2176
-2176
-768
-1344
-1600
-896
768
832
960
3904
6208
5440
2880
1024
0
192
1600
2496
5504
1728
-1408
-2304
-960
1152
-256
896
4992
3072
1664
-320
-1472
-1728
384
3072
3392
4160
-704
-1984
-1600
-320
128
960
576
-896
512
3008
576
1664
-640
3840
-64
-2368
-4992
-4480
-4288
448
-64
-4736
-4224
-1984
2560
-704
1984
896
1920
4288
960
576
1792
960
2944
3520
3968
3840
2496
4032
6336
4352
3072
1728
1920
2112
0
2688
1920
512
-256
1024
2816
-1088
-1024
-640
-2240
-4480
-3968
-1280
-896
1536
1024
-1728
2624
2496
3200
-768
-3136
-2176
448
-192
3328
3968
3904
2880
3392
192
320
64
1408
1536
-1984
1280
2752
192
1984
1856
1024
1280
1984
-960
-1152
-1024
-384
4672
1536
3520
-1152
-1984
1088
256
-448
-704
1216
3328
2176
-960
0
-128
1344
2304
1664
-1664
1920
-768
320
3264
5952
6080
1088
256
256
-768
-64
704
-832
704
832
-832
-3520
-3392
-5504
-3904
-256
-256
320
-448
-2432
-3328
-3392
-1792
-3072
-1216
64
-64
2240
2112
3712
768
3008
3456
3648
4096
6976
3264
3648
2624
4096
1472
4992
1152
1984
1152
2880
128
2624
2496
-896
-2048
-448
768
-3008
-3200
-2624
1600
-704
-896
-2688
-3328
-2944
1792
-384
-1216
-1600
-1344
-1728
-1664
384
2176
2880
5888
5440
3264
448
-1280
-3392
-5376
-4352
-3584
-2496
2560
-1344
2880
704
896
3712
3648
2944
1280
1024
-256
640
4480
3520
2624
-768
3328
3584
7168
1408
1728
-960
3520
704
-320
-3328
-3712
-832
64
2112
3904
2496
2624
-64
-192
-1984
-4096
-5568
-4288
-5952
-1792
-3328
-4736
-6464
-3008
-2880
-1088
-1088
3136
1728
1664
-256
512
2496
2880
5184
5568
6784
6336
7296
2752
7552
2688
6592
3072
2496
1024
256
960
-2496
-3904
-7040
-2368
-1344
-2688
-1472
1728
-960
-4608
-3264
-2944
4672
3264
6144
2368
576
448
-128
0
-1600
1536
-256
320
-704
-2432
-4224
-3392
-1664
-320
-1408
640
-320
-1472
2624
1920
2560
3840
-128
-1088
3648
2624
768
1920
-3904
-1472
896
4480
5120
960
384
-448
-320
-832
2944
1408
2240
-256
-2240
-832
-1600
-896
1344
-512
-2304
-1344
-3584
-4224
-3328
-2496
-1920
-1472
-3136
-1152
1280
-1088
2368
3200
1088
-896
-128
-1088
2432
6400
3264
3072
5056
1408
4416
1280
-64
1984
4672
1152
576
3072
-2688
-2880
3264
-640
-2752
-2176
-4032
-2496
-4160
3712
4480
-3136
-2112
-1344
1344
320
1984
2688
-1280
-2304
-3072
-1280
-384
-448
-64
0
256
832
768
384
-1344
-640
-1088
832
4096
6976
512
1664
2624
1920
2048
3264
-512
-576
-1728
2176
1472
5760
2432
-320
2624
4928
-2880
-3072
-1024
-2240
-2688
832
-640
-13888
-5248
-4096
-3072
2048
64
192
-1280
640
1536
2688
3456
5760
7296
5888
4160
5312
1984
1152
-1216
-1984
-576
-64
896
-4096
-1216
448
4224
2752
-1408
-5376
-6528
-2816
1984
6336
7680
4096
576
1984
-384
-4480
-3968
-2048
2432
-384
-5248
-3136
-64
-128
-3456
-5248
-3008
-1088
1216
-256
640
-1600
-3072
-2880
-4608
-4608
0
8640
12160
7360
1984
5440
2304
384
2048
2752
5120
3904
2368
-1344
-1920
-2880
-2880
-4096
-3648
-4480
-3648
-3136
768
0
1024
-1024
1472
-960
-192
3328
7296
3712
-704
-3008
-6912
-1920
640
-2560
3072
2304
-3136
-2368
2944
3648
1728
4480
6976
4224
-896
-2112
-1856
-2432
-4352
1024
1216
2816
4160
8704
11520
-1984
-2432
128
320
576
640
-896
64
-448
-2688
-576
768
-640
-2688
-768
1536
3072
1408
-2432
-5952
-4864
-4736
-896
-128
3072
6784
4480
5696
5056
8256
6080
4672
3328
192
-2944
-1984
-2112
1472
-704
-6656
-7680
-7040
-4928
-128
128
-256
1856
1600
3520
2816
1088
1920
-832
2816
2816
3392
2624
2688
2560
-1920
0
-3968
-2880
-704
-4032
-448
-3136
-3264
-3008
9216
19840
6592
-128
-6912
-64
896
640
4800
3392
3456
2496
960
2048
2944
3072
512
1664
1472
512
-5696
-8576
-7104
-5888
-2560
192
-1152
-4992
-6400
-5440
-6144
-2112
960
640
704
4096
4864
6656
9728
8256
12352
8128
3712
4288
1920
-2368
-4544
-4992
-7424
-4416
-4480
-1024
-8192
-640
-512
1024
2752
2112
256
3264
64
-2304
-2432
64
-1792
896
3136
-2176
-5120
576
256
-832
4544
3840
3584
3072
-64
-2752
-640
1280
256
896
1600
3008
1856
1856
576
-192
1600
2944
1856
1600
2240
384
-960
768
-704
-5312
-4992
-3392
3264
3072
-64
-4544
-10176
-9728
-960
256
2048
512
1728
256
2496
10560
9920
7872
5312
6080
3136
-1408
-512
-4160
-7296
-5248
-2752
-832
-3392
-3072
-576
2688
2432
768
1536
1536
2048
1856
2496
2752
4160
704
-1216
-896
-2624
-6464
-6208
-5632
-5504
-10240
-5952
-2816
1408
3648
5504
10496
9472
1024
1088
2880
1088
1152
704
320
-192
-704
0
576
704
-64
3136
-448
4096
-384
-2112
-4800
-3840
-8064
-8448
-7808
-10944
-7936
-832
-128
-1280
64
11136
10688
2752
1216
1920
4736
13952
18368
3648
2368
2880
1088
-2560
-3648
-9536
-12544
-12416
-4416
768
-1664
-3328
-3008
-448
-704
-64
2560
1920
4928
4352
2176
-1920
320
-512
-704
-3392
-1280
-1984
1920
-3648
-3648
-3072
-704
-768
1344
1472
3648
9600
9408
9344
-2624
-1728
1536
384
256
1728
832
960
1472
256
-2368
384
-1728
2176
1280
-1728
-10048
-11968
-5312
-2368
-2368
-1152
-1856
-1024
5504
5632
23360
21760
11584
512
-1216
-768
-1856
-7488
-12160
-7232
-192
-2496
-1408
-256
3264
3136
2368
192
-1920
-320
0
-7168
-11136
-3648
1920
4224
5312
1856
-384
-2240
-3392
-3712
-7744
-8128
-6464
-3264
128
512
2304
10368
1536
6080
10112
-960
-768
768
-1088
2560
2240
2496
128
576
-832
-128
3968
4864
-64
1856
-64
-5120
-4672
-7680
-9344
-12544
-5632
-7296
-9472
-384
6976
22336
7040
-2880
-2240
576
256
128
896
192
1536
832
6144
7936
1024
384
-1280
-832
-4480
-7424
-5376
-256
-2624
-896
256
2944
2944
-512
1984
3904
576
-1024
-448
-1088
-320
2048
1408
768
-5888
-3200
-1344
1664
12352
10176
-12352
-3520
9216
1792
3328
128
-1728
-1088
640
1152
-256
-704
-192
-704
-128
1024
5504
7616
8192
1600
512
-1344
-1600
-2368
-18048
-6464
-2048
-2880
-3456
-1856
-512
9280
8192
6592
2880
1472
1920
1216
-1472
-256
-960
-1472
-2560
448
832
768
2048
5568
2240
2176
2816
1408
4224
4416
0
-1088
-896
-1216
-2688
-12032
-10240
-6528
-9792
-6016
-3840
-3712
10176
4096
15680
19392
21184
4800
-3136
-4032
-3264
-1856
-3648
-1984
-448
-3072
-512
1024
-960
2688
2816
1408
1024
-576
7232
7168
-9024
-17472
-8704
-12608
-12224
-7488
-4352
3776
4928
512
64
4480
2112
384
-320
2496
4224
1856
1216
1664
4992
4864
15360
960
-3776
-3776
-3712
-2432
-4352
-7616
-6208
-3520
-1536
-640
-1728
-2560
512
768
2304
3776
1792
2560
64
-2240
-2624
128
192
-6464
-2816
1024
2112
2560
256
-2944
2560
1088
-704
768
-384
1344
-1856
-4608
192
4352
6528
8448
8576
2112
-256
320
-960
-2112
-18432
-2560
-1472
-2624
-4736
-9280
-5248
128
1664
2880
-1856
7488
5120
2432
-1664
-2944
-2560
192
3328
3392
1920
6976
3520
2624
192
512
832
1088
5120
64
0
-1664
-3328
-7360
-15488
-8064
-21056
-20224
-13760
-13440
-10368
-9344
-7360
-11072
-13248
-9408
-11776
-15872
-10688
-9536
-7872
-13760
-9152
-5120
-5824
-9984
-4672
-3072
-3008
-3136
-1472
-3584
-4608
-3200
-3456
-3072
-3264
-448
1600
16896
29760
22720
3776
8640
1344
-128
7424
10496
10752
7808
2944
1792
-384
3392
2368
2816
3136
7936
14016
12736
10752
1216
-1024
-576
1088
6336
11456
3776
-1472
-256
5056
9088
3456
1344
768
5056
512
2304
1216
10752
1664
1856
-3840
-704
-1088
16256
5120
-9088
-11776
-3968
-7936
-12096
-12736
-14784
-14464
-10368
-10112
-8768
-3648
-4800
-2624
-2944
-3648
-4672
3520
4416
5824
2688
1152
2560
-832
2176
512
1408
-1216
-1472
-512
5632
5504
3712
8192
10176
12736
9344
5120
4288
0
-384
-2176
3328
3200
2560
1152
4288
2816
4352
3840
6208
5824
11520
3840
6208
7488
5568
9728
7744
12032
12992
6080
-1024
576
1920
6464
1920
-3456
-1856
-2240
-3200
-2240
-6336
-10432
-10048
-3584
-4032
-4160
-5184
-3712
-4544
-4160
-2112
-2816
-2816
-2624
-6016
-4544
-704
2432
0
2880
-640
960
-2176
-2752
-384
1600
-1216
-4672
-7040
-10688
-5952
-5248
-11072
-12416
-10304
-13056
-16000
-10816
-5504
-3968
-3456
640
1216
-12224
2112
5696
8640
-2048
-6528
-7680
-10048
-5568
-2816
4288
-1216
-3776
-2240
-1088
-192
128
5696
-1344
-704
320
-5632
-4224
-256
-5568
-5632
-2944
-1792
-2560
-5184
-5376
-4928
-2688
-2688
-4992
-4416
-3392
-5824
-3328
-3264
-3200
192
-1408
512
-128
0
64
-128
576
1152
384
896
576
768
192
1024
1024
1280
1024
1536
1152
1600
1792
1664
384
-320
192
0
384
256
576
-960
-832
-1088
-768
-1664
-64
-1984
-896
-3776
-4096
-5184
-6848
-5952
-10304
-8128
-8064
-11520
-8448
-7040
-6464
-8896
-8256
-7616
-5696
-5056
-3008
-4608
-4160
-7360
-3904
-2560
-3584
-2688
-2432
-256
1536
1408
1088
-192
-576
256
-1408
1152
1152
-384
640
0
1536
1856
704
2880
2048
1536
1664
1856
2304
-320
-2944
-1920
128
-1152
-2752
-704
-960
-1344
-704
-448
-1792
-640
-1152
-1216
-2944
-2112
-1664
-2880
-1664
-2496
-3072
-3008
-3520
-2944
-4096
-4224
-2176
-1344
-64
1344
1728
1024
-768
448
1472
1920
3008
2880
2496
2240
1536
1984
6784
9536
32320
16256
-3456
128
7168
3328
-8768
2560
3392
-4096
-1920
1600
3008
6080
-1600
-128
3456
-3584
-768
1792
832
-1728
-3008
-3136
-2688
-1728
-512
-1728
896
-960
-896
-2880
-960
-2112
-256
-256
-576
-1088
64
-1600
-2176
-704
-1984
-576
-1792
-1984
-1920
-1024
-1408
512
-448
-128
-64
640
-256
448
1088
832
448
1344
448
1536
2176
1216
1408
1728
640
1088
1024
2432
2496
1344
3776
2816
7040
3264
1024
3584
-320
-704
1472
-576
-320
-320
2176
1216
-1216
-2240
-512
-1344
-640
-1920
-1280
-1344
-704
-192
-2816
-2688
-576
1280
-1344
-704
-1920
-1216
256
1088
-960
-320
1344
2944
1728
-1664
-896
3520
-512
-1024
2880
1216
1088
-1600
1024
1344
3712
832
-1664
2112
6912
1280
384
512
-1024
1024
1984
0
-384
-64
1600
320
320
-2112
1088
1280
-448
-1088
-448
-192
-640
-704
-384
128
1600
0
-2112
