-11008.0
-16576.0
-4096.0
4352.0
10432.0
5056.0
-512.0
-8384.0
-7680.0
-4672.0
1152.0
1792.0
704.0
-3392.0
-2688.0
-1024.0
-640.0
-192.0
-960.0
-832.0
192.0
3904.0
5312.0
7808.0
9280.0
12928.0
9536.0
2048.0
256.0
3904.0
6528.0
896.0
-832.0
384.0
3392.0
1216.0
-1664.0
-6464.0
-5824.0
-384.0
1408.0
1536.0
-2176.0
-3264.0
-3072.0
768.0
1664.0
-192.0
-1280.0
-1472.0
320.0
640.0
576.0
-448.0
-1536.0
-1728.0
-1152.0
64.0
1664.0
2240.0
2560.0
960.0
64.0
-1664.0
-1216.0
576.0
960.0
-576.0
1280.0
1664.0
1472.0
704.0
768.0
832.0
896.0
640.0
2304.0
3328.0
3904.0
4736.0
4928.0
4480.0
4608.0
4160.0
3264.0
2944.0
2752.0
2176.0
1984.0
1472.0
1152.0
1152.0
1216.0
1280.0
1152.0
1216.0
704.0
320.0
0.0
-384.0
-448.0
-512.0
-192.0
-576.0
-448.0
-640.0
0.0
64.0
192.0
384.0
768.0
768.0
1024.0
2048.0
2624.0
2432.0
1664.0
1536.0
1536.0
3072.0
3712.0
2752.0
1088.0
704.0
2816.0
3200.0
2176.0
256.0
512.0
768.0
1088.0
192.0
-704.0
-896.0
-320.0
2496.0
1472.0
1344.0
448.0
1472.0
2752.0
1664.0
128.0
960.0
2624.0
3840.0
832.0
576.0
1664.0
1792.0
832.0
64.0
640.0
1792.0
1216.0
1024.0
2176.0
2368.0
2624.0
1600.0
2304.0
3200.0
2816.0
2112.0
2240.0
2240.0
896.0
-384.0
0.0
384.0
1152.0
1344.0
1472.0
1664.0
1600.0
960.0
704.0
896.0
640.0
1664.0
704.0
512.0
1216.0
1856.0
320.0
64.0
320.0
576.0
256.0
2176.0
2560.0
3200.0
2752.0
2944.0
1792.0
-320.0
-320.0
-448.0
832.0
-64.0
256.0
1472.0
3200.0
3328.0
3136.0
2304.0
2304.0
0.0
-384.0
192.0
768.0
-1344.0
1344.0
2368.0
2944.0
3328.0
2752.0
960.0
-1472.0
-1024.0
-704.0
-1152.0
-256.0
-384.0
1152.0
1408.0
2944.0
3008.0
2432.0
-1024.0
-320.0
896.0
2048.0
1024.0
2176.0
2560.0
3392.0
2880.0
2624.0
960.0
128.0
704.0
384.0
1024.0
-1152.0
1024.0
1152.0
320.0
320.0
-320.0
1024.0
1024.0
2688.0
2752.0
2432.0
3648.0
3200.0
2368.0
448.0
-192.0
0.0
640.0
2176.0
3520.0
2944.0
704.0
3392.0
2688.0
1664.0
192.0
1664.0
256.0
1664.0
128.0
-64.0
-896.0
-1152.0
-1088.0
-384.0
1664.0
640.0
2944.0
1024.0
2560.0
320.0
960.0
1920.0
3200.0
3200.0
1216.0
1408.0
-384.0
1344.0
320.0
576.0
-704.0
-512.0
-1856.0
-512.0
-192.0
1088.0
1152.0
-1152.0
-1024.0
-256.0
-384.0
2240.0
704.0
3072.0
2432.0
2240.0
-64.0
704.0
1216.0
-704.0
576.0
2304.0
2368.0
768.0
-128.0
-1088.0
128.0
3904.0
4672.0
5248.0
512.0
896.0
-64.0
2176.0
704.0
1536.0
1536.0
1984.0
-192.0
0.0
-256.0
-2560.0
960.0
-64.0
2624.0
2048.0
320.0
-1920.0
320.0
2112.0
4160.0
2176.0
2560.0
1088.0
2048.0
1536.0
1792.0
1536.0
3456.0
1728.0
576.0
-1856.0
576.0
192.0
3456.0
1152.0
-3776.0
-64.0
-5056.0
128.0
1408.0
1792.0
3008.0
-512.0
2240.0
1408.0
1920.0
2432.0
2304.0
3072.0
3840.0
3712.0
3264.0
1856.0
2880.0
4032.0
1920.0
384.0
1344.0
2944.0
2112.0
-1728.0
-2688.0
-3072.0
-2304.0
-2944.0
4096.0
1216.0
-128.0
-1472.0
-4096.0
-960.0
640.0
768.0
1920.0
2880.0
-512.0
-2368.0
-1856.0
768.0
256.0
3200.0
1856.0
-448.0
-1984.0
1920.0
1216.0
2432.0
2496.0
1792.0
-896.0
1088.0
1728.0
1216.0
1792.0
-1664.0
-3072.0
-64.0
4736.0
4288.0
3904.0
2816.0
1344.0
6208.0
2368.0
5248.0
384.0
-4992.0
-192.0
3392.0
3392.0
768.0
-1152.0
-512.0
3584.0
1472.0
-1856.0
256.0
-640.0
5568.0
1600.0
3136.0
-3904.0
-3456.0
896.0
4288.0
5440.0
4416.0
4224.0
1280.0
-2176.0
-3200.0
-1472.0
-1664.0
-1536.0
-1856.0
3456.0
5056.0
-256.0
448.0
-1664.0
-4480.0
-3520.0
-2624.0
-896.0
1024.0
4608.0
5568.0
2496.0
-512.0
1344.0
5440.0
3904.0
2112.0
-1920.0
-1536.0
-4672.0
-3904.0
-2368.0
2624.0
1920.0
1408.0
-2240.0
1792.0
1472.0
256.0
2112.0
3392.0
4288.0
-128.0
-2368.0
384.0
-1088.0
-2560.0
-64.0
1536.0
192.0
-1472.0
1920.0
4864.0
192.0
640.0
832.0
1920.0
4544.0
2368.0
2112.0
-2304.0
2112.0
3904.0
1856.0
2880.0
-2176.0
-192.0
-2624.0
-1408.0
2944.0
3008.0
4032.0
2688.0
-1984.0
896.0
-768.0
-256.0
-1152.0
-2688.0
-3200.0
-1984.0
-1856.0
4800.0
3200.0
1280.0
-2240.0
-3584.0
-2368.0
-4672.0
-3008.0
-3200.0
0.0
3648.0
1664.0
1216.0
-1344.0
128.0
2368.0
4608.0
1920.0
2304.0
1088.0
4608.0
-384.0
4864.0
320.0
5184.0
3520.0
-1088.0
192.0
7040.0
4864.0
2688.0
-1280.0
3904.0
2880.0
1728.0
448.0
-2880.0
-576.0
-1152.0
2688.0
-1600.0
-832.0
1216.0
2048.0
-1920.0
-1152.0
-2752.0
-2304.0
-2880.0
-3264.0
0.0
640.0
576.0
1536.0
2368.0
960.0
1280.0
2112.0
2560.0
2048.0
-320.0
2432.0
5952.0
1856.0
-704.0
-1024.0
-2432.0
-320.0
-640.0
320.0
-1984.0
-2560.0
-512.0
-320.0
-1280.0
-1024.0
1344.0
3008.0
1600.0
960.0
320.0
2816.0
5312.0
-128.0
4032.0
-3072.0
-1472.0
-896.0
5440.0
64.0
6208.0
1536.0
6336.0
-384.0
-2112.0
6720.0
5504.0
3904.0
-768.0
4608.0
1408.0
4224.0
3712.0
2688.0
3776.0
-640.0
-256.0
-4800.0
-5056.0
-8192.0
-8896.0
-5056.0
960.0
4032.0
5056.0
-3648.0
-4160.0
-3008.0
-2688.0
-1664.0
320.0
704.0
1152.0
3712.0
1152.0
3264.0
5376.0
2944.0
1920.0
2112.0
-1600.0
-5184.0
2176.0
-128.0
3328.0
5184.0
3072.0
960.0
1664.0
2624.0
3456.0
-3968.0
5696.0
-128.0
-3584.0
2560.0
8640.0
-2176.0
192.0
-4736.0
6336.0
11968.0
7040.0
-2752.0
-4608.0
-4992.0
-4800.0
-4288.0
2688.0
9792.0
-1152.0
-256.0
-2944.0
-11904.0
-2112.0
5504.0
7168.0
1728.0
2240.0
1664.0
4160.0
-1024.0
128.0
-2880.0
-6144.0
-2240.0
6592.0
-4416.0
-2112.0
-3456.0
-5696.0
-1984.0
-1728.0
-5440.0
-2304.0
-3456.0
-384.0
4480.0
3392.0
2880.0
5504.0
4928.0
2560.0
128.0
-448.0
4416.0
1280.0
7168.0
1664.0
-896.0
-4544.0
-8320.0
-1088.0
11776.0
13696.0
5632.0
-256.0
-2880.0
-4800.0
-4544.0
-2240.0
5440.0
2176.0
-4480.0
-1984.0
-3648.0
-5056.0
-8256.0
-3584.0
7616.0
3456.0
5888.0
-7040.0
-4224.0
-384.0
256.0
2944.0
-960.0
-3008.0
-320.0
64.0
3392.0
1280.0
6080.0
2752.0
1856.0
128.0
1088.0
1856.0
-1664.0
2688.0
-320.0
1856.0
3904.0
-576.0
7232.0
-1472.0
-768.0
1024.0
512.0
2496.0
1216.0
-3136.0
-7168.0
-2752.0
2112.0
7488.0
5248.0
-576.0
832.0
-1792.0
-3968.0
-1152.0
2944.0
128.0
-320.0
-128.0
-128.0
-2112.0
-1856.0
-6848.0
-7040.0
-768.0
0.0
1088.0
5440.0
704.0
3648.0
6336.0
-256.0
-10944.0
-8000.0
-5952.0
4480.0
8064.0
9408.0
-3904.0
1024.0
8640.0
7936.0
3520.0
-768.0
4608.0
12928.0
3968.0
832.0
9472.0
12992.0
5376.0
-2688.0
-8192.0
-7296.0
-6912.0
-3712.0
-256.0
1280.0
-320.0
-3904.0
-3392.0
2176.0
-2304.0
-1536.0
2944.0
1152.0
-2304.0
-2944.0
2240.0
6784.0
9920.0
5056.0
0.0
-384.0
-4224.0
3328.0
-4672.0
-8384.0
-5376.0
2368.0
4224.0
6464.0
1216.0
192.0
-6784.0
2304.0
-768.0
-5632.0
-5568.0
-4032.0
11456.0
7424.0
3328.0
448.0
-4544.0
-7936.0
-6208.0
1600.0
14656.0
16640.0
512.0
-3328.0
-8448.0
-5248.0
1152.0
9088.0
896.0
-64.0
64.0
2560.0
-1728.0
1920.0
-3392.0
1152.0
-6976.0
-4864.0
-4416.0
-3648.0
-4288.0
-5056.0
-6272.0
-2048.0
2432.0
1728.0
3840.0
6208.0
448.0
832.0
320.0
2624.0
5376.0
5632.0
-3712.0
-1280.0
-5760.0
5824.0
4416.0
10816.0
5184.0
640.0
-4864.0
-1792.0
3712.0
-4224.0
-4992.0
-5056.0
-6656.0
-8448.0
-3456.0
-576.0
8256.0
-1216.0
-9152.0
-2048.0
2880.0
4672.0
-704.0
-2368.0
-1216.0
-3328.0
256.0
4608.0
4160.0
1792.0
-1600.0
-1088.0
1088.0
640.0
-4032.0
896.0
-192.0
2688.0
4928.0
1280.0
-1024.0
-2368.0
-3072.0
8064.0
5056.0
1664.0
-1920.0
-2432.0
5248.0
-2688.0
7424.0
3008.0
2880.0
-1152.0
-640.0
192.0
-3200.0
960.0
1152.0
576.0
640.0
576.0
-1216.0
-4416.0
-7808.0
-320.0
896.0
64.0
448.0
4672.0
9088.0
-3392.0
-8064.0
-5440.0
-7552.0
2304.0
-768.0
-1920.0
-2816.0
6848.0
8960.0
4544.0
-6976.0
4096.0
9920.0
10624.0
8640.0
2560.0
7552.0
-640.0
-4928.0
-2112.0
-1152.0
-4224.0
-4608.0
-4160.0
64.0
-2112.0
320.0
-2112.0
64.0
-3648.0
576.0
5696.0
7744.0
3072.0
6208.0
-2368.0
-3776.0
4416.0
-4992.0
-4352.0
3648.0
2624.0
-3904.0
2112.0
-768.0
-8512.0
1088.0
8384.0
9664.0
-4736.0
-4032.0
-3008.0
-2432.0
9344.0
6400.0
4736.0
-2816.0
-2816.0
-3648.0
5504.0
10752.0
14528.0
7040.0
-8128.0
-12736.0
-5248.0
-3392.0
3776.0
-320.0
1152.0
4928.0
1152.0
3456.0
-768.0
-4224.0
-6592.0
-8448.0
-10624.0
-704.0
-384.0
1728.0
-1600.0
-3904.0
5248.0
-1280.0
-3072.0
-1024.0
-2880.0
3648.0
1024.0
-1792.0
960.0
-832.0
2880.0
5248.0
4928.0
5888.0
-1664.0
-448.0
5120.0
9536.0
448.0
-640.0
-3520.0
-8640.0
-3584.0
2368.0
-3456.0
-7232.0
896.0
1408.0
3072.0
1024.0
-2624.0
-1664.0
-3776.0
-4672.0
-448.0
2176.0
960.0
1280.0
-448.0
2496.0
-2304.0
-5056.0
-1600.0
-1344.0
-2368.0
-1216.0
-1216.0
-4224.0
-5440.0
-2752.0
-576.0
6144.0
-3776.0
-1152.0
-2112.0
6144.0
5568.0
-1856.0
10112.0
6016.0
-6976.0
-448.0
3136.0
2368.0
-256.0
320.0
832.0
384.0
-1920.0
-1792.0
-2944.0
-1664.0
2880.0
1664.0
3904.0
11072.0
8000.0
-10368.0
-12992.0
-9536.0
-4416.0
-3776.0
-1984.0
-2368.0
4224.0
16320.0
-3776.0
-3136.0
10752.0
8512.0
6976.0
-1600.0
4352.0
0.0
-3392.0
-2176.0
-320.0
-1664.0
3008.0
1088.0
1024.0
3072.0
2304.0
-5760.0
2112.0
5312.0
7232.0
4800.0
3328.0
-5632.0
-6080.0
-1792.0
-6848.0
-5184.0
-2624.0
-512.0
4032.0
3904.0
-3072.0
-3392.0
2752.0
832.0
-128.0
2752.0
2304.0
-5952.0
-8384.0
-192.0
5504.0
-3200.0
3200.0
-192.0
-6144.0
6272.0
21248.0
19904.0
-11520.0
-6784.0
-12352.0
3392.0
14528.0
8192.0
384.0
-3968.0
2624.0
3904.0
-2176.0
-256.0
-1856.0
-6144.0
-9088.0
-4160.0
-2176.0
1088.0
2624.0
-2688.0
320.0
-960.0
-6144.0
-6912.0
-4480.0
-1472.0
5312.0
2752.0
-768.0
704.0
1728.0
2432.0
9216.0
8576.0
10816.0
5184.0
384.0
-7232.0
-6464.0
-6336.0
704.0
6784.0
-384.0
3328.0
5184.0
-4736.0
768.0
-8832.0
-6400.0
-3584.0
2880.0
6144.0
1984.0
256.0
2304.0
768.0
-960.0
2688.0
-1152.0
640.0
64.0
-6528.0
-5120.0
-5440.0
-384.0
-640.0
-3968.0
-7104.0
2176.0
-448.0
1408.0
5824.0
1024.0
6080.0
10240.0
2816.0
-384.0
-704.0
64.0
3840.0
4800.0
2624.0
704.0
320.0
-2944.0
-6400.0
-320.0
2304.0
5760.0
3264.0
2304.0
7296.0
-1600.0
-9408.0
-9792.0
-8192.0
-3712.0
-256.0
-2560.0
4416.0
-2880.0
-5952.0
2944.0
9344.0
-2560.0
6400.0
-896.0
4032.0
-256.0
-6592.0
-3840.0
704.0
1152.0
4864.0
-2816.0
64.0
-768.0
2944.0
5440.0
8704.0
5696.0
-6784.0
-8704.0
-6144.0
-2432.0
-3648.0
-4544.0
1280.0
7232.0
3200.0
960.0
-1088.0
4096.0
-2432.0
-320.0
1600.0
2880.0
-192.0
832.0
-9600.0
-10880.0
-2880.0
2752.0
5696.0
-4672.0
-8256.0
-6016.0
15680.0
13568.0
-4736.0
-7872.0
-6464.0
1216.0
10880.0
16768.0
192.0
64.0
320.0
2816.0
5376.0
2496.0
3072.0
832.0
-8256.0
-10688.0
-3776.0
-1280.0
-4800.0
-3392.0
-2432.0
-1856.0
-11520.0
-14336.0
1920.0
7936.0
12096.0
9728.0
6784.0
64.0
-3392.0
2368.0
8576.0
5568.0
1216.0
-9664.0
192.0
4992.0
5504.0
-64.0
-4608.0
-4480.0
3648.0
3584.0
3456.0
-4288.0
-3008.0
-2944.0
128.0
1920.0
3648.0
-1088.0
-256.0
512.0
8256.0
-1024.0
-1600.0
-4992.0
-3904.0
-1664.0
1600.0
3328.0
-5184.0
-8896.0
-6528.0
-3840.0
-896.0
7552.0
6336.0
-10048.0
-1152.0
4288.0
13376.0
4416.0
-5056.0
-2304.0
-1344.0
4096.0
9152.0
5248.0
-2176.0
-1600.0
-4160.0
1344.0
4288.0
12288.0
15680.0
10560.0
-4352.0
-10176.0
-11776.0
-3712.0
-1024.0
-512.0
6144.0
6912.0
3584.0
-3264.0
-4928.0
-3776.0
-3584.0
2944.0
6528.0
-1792.0
-3456.0
-6720.0
4160.0
768.0
-704.0
1408.0
-640.0
2176.0
9024.0
9472.0
14400.0
-1792.0
-3136.0
3520.0
7488.0
4800.0
-2688.0
-2560.0
-6400.0
-4736.0
-6080.0
-2304.0
-3456.0
-1408.0
896.0
2688.0
0.0
-896.0
-3840.0
-4288.0
-3072.0
64.0
5440.0
-4992.0
-9216.0
-9664.0
-3008.0
14336.0
7296.0
1216.0
-4992.0
-1280.0
640.0
4928.0
10176.0
6272.0
-2112.0
-640.0
960.0
-1024.0
-1344.0
-832.0
256.0
8064.0
2944.0
-1728.0
-2112.0
-2816.0
-6656.0
-5696.0
128.0
-4096.0
-1088.0
4864.0
4416.0
-8000.0
-4672.0
6720.0
6208.0
-128.0
-1856.0
-6656.0
-9216.0
-2560.0
11456.0
10880.0
2752.0
960.0
1984.0
-2368.0
10048.0
17088.0
15168.0
-9088.0
-6464.0
-3584.0
-1600.0
-1600.0
-2432.0
-6080.0
-9856.0
-1088.0
2752.0
6016.0
9280.0
256.0
384.0
1728.0
-2240.0
-8832.0
-8896.0
-10432.0
-9728.0
-4160.0
-2752.0
2688.0
-1408.0
64.0
1664.0
6080.0
1856.0
-384.0
-64.0
6720.0
10624.0
-320.0
-2304.0
5120.0
4544.0
2816.0
-1536.0
896.0
5120.0
576.0
1472.0
-7040.0
-7552.0
-6144.0
-1088.0
-3328.0
7040.0
6464.0
-7680.0
-5056.0
-1408.0
-960.0
-1088.0
2304.0
-896.0
-7936.0
-5248.0
1920.0
6272.0
-1728.0
-3264.0
8960.0
4480.0
12352.0
18112.0
-6336.0
-2368.0
7680.0
768.0
6336.0
1088.0
768.0
-5440.0
-8640.0
-5440.0
-64.0
64.0
-1984.0
3200.0
3520.0
3840.0
-1472.0
-8064.0
-12736.0
-768.0
512.0
7296.0
640.0
-5952.0
-5184.0
-11008.0
64.0
8448.0
16000.0
-1984.0
-832.0
4608.0
5568.0
-1280.0
-8960.0
6976.0
6464.0
640.0
-448.0
-256.0
-1152.0
704.0
0.0
0.0
-1152.0
-1920.0
-10624.0
-8448.0
-5568.0
-5760.0
-4288.0
-2944.0
320.0
320.0
-1088.0
-2176.0
-5952.0
-3072.0
-3136.0
-9984.0
-8384.0
-4928.0
-4480.0
-7296.0
-2496.0
-7744.0
-7040.0
-9216.0
-20224.0
-20224.0
-11968.0
-12544.0
-12352.0
-14528.0
-9216.0
-9472.0
-8512.0
-8960.0
-10112.0
-9088.0
-3520.0
-2688.0
-1472.0
-2816.0
832.0
-960.0
704.0
6272.0
14016.0
10368.0
-1152.0
7232.0
-1216.0
6976.0
12224.0
6464.0
9024.0
-2112.0
2560.0
5632.0
7232.0
6464.0
6208.0
3392.0
4480.0
5312.0
3584.0
6464.0
9024.0
4480.0
6464.0
12800.0
-2496.0
-2816.0
3584.0
8384.0
2688.0
1216.0
7680.0
5184.0
5376.0
3904.0
5312.0
14400.0
5824.0
9024.0
3968.0
8256.0
448.0
-2368.0
-1472.0
3328.0
6400.0
-448.0
1856.0
-5888.0
-3648.0
2496.0
576.0
1088.0
-3584.0
-10880.0
-8384.0
-4800.0
-1344.0
-3328.0
-12864.0
-4032.0
-4736.0
-4480.0
2624.0
-1216.0
-5760.0
-448.0
-1728.0
2688.0
2624.0
2880.0
4480.0
3136.0
1856.0
4544.0
6336.0
2880.0
192.0
6592.0
10624.0
3520.0
5696.0
-640.0
-2496.0
-2880.0
-768.0
15744.0
9920.0
12288.0
12800.0
4480.0
128.0
8768.0
10816.0
1536.0
-512.0
3648.0
-1088.0
3200.0
3584.0
11584.0
1344.0
-3392.0
1600.0
-832.0
-9792.0
-8128.0
448.0
20800.0
1984.0
-5120.0
1408.0
6720.0
-1984.0
-1600.0
-2240.0
-768.0
-64.0
-64.0
3520.0
-2112.0
-2240.0
-5632.0
-4800.0
-4288.0
192.0
1984.0
-320.0
5376.0
-3968.0
-1984.0
-640.0
-3520.0
-6144.0
128.0
2496.0
256.0
576.0
2368.0
384.0
640.0
-5952.0
-2176.0
-1216.0
640.0
-7424.0
-8640.0
-6144.0
-9728.0
-12608.0
-6144.0
-4352.0
-7552.0
-13248.0
-10368.0
-6912.0
-6272.0
-4416.0
-5376.0
2240.0
8896.0
-11200.0
3456.0
-192.0
-7424.0
-7552.0
-11200.0
-8448.0
-1920.0
8768.0
9856.0
4288.0
-320.0
-3136.0
-8064.0
-6720.0
-6976.0
-6976.0
-2752.0
-1280.0
-704.0
-1856.0
-1088.0
-5184.0
-5760.0
-3264.0
-4736.0
-7552.0
-6016.0
-4928.0
-4992.0
-2176.0
-2432.0
-5568.0
-3136.0
-2304.0
-2752.0
-4672.0
-1984.0
-1024.0
-960.0
-576.0
320.0
-320.0
-704.0
-1536.0
-960.0
-576.0
-768.0
-1408.0
-512.0
-1408.0
-640.0
-320.0
64.0
-192.0
192.0
2624.0
320.0
-576.0
832.0
768.0
0.0
768.0
768.0
-1600.0
-2880.0
-3264.0
-1472.0
-2880.0
-5504.0
-3520.0
-3712.0
-3392.0
-5184.0
-3840.0
-3136.0
-4992.0
7936.0
26816.0
14080.0
-7424.0
-3904.0
-8832.0
-13120.0
-10624.0
-5760.0
-6272.0
-7808.0
-7424.0
-7616.0
-1792.0
-3264.0
-7616.0
-4224.0
-5504.0
-3008.0
-4224.0
192.0
-1792.0
-448.0
-3328.0
-4416.0
-1472.0
-2176.0
-192.0
-1600.0
3328.0
6848.0
5504.0
5952.0
4864.0
128.0
-512.0
2048.0
-640.0
512.0
-1472.0
-2816.0
-1600.0
-1344.0
-3776.0
-2816.0
-704.0
-1856.0
-3520.0
-2048.0
-1664.0
-3520.0
-3968.0
-3008.0
-1984.0
-1152.0
-960.0
-192.0
384.0
-960.0
-2688.0
-3584.0
-3456.0
-1536.0
-6528.0
-8256.0
-6592.0
-7616.0
-4224.0
-1792.0
-4736.0
-3456.0
-2816.0
-5056.0
-4032.0
-3712.0
-1600.0
128.0
-896.0
-1408.0
-1024.0
-320.0
448.0
2624.0
832.0
-192.0
2560.0
6336.0
31808.0
27008.0
-7360.0
-11456.0
24128.0
8576.0
2176.0
-8960.0
-448.0
13120.0
-576.0
1152.0
-448.0
3264.0
704.0
-2688.0
2176.0
5888.0
-1664.0
3904.0
2048.0
-4032.0
-5184.0
-2368.0
-704.0
512.0
-3520.0
