-1344.0
-3264.0
0.0
6400.0
7616.0
512.0
-2304.0
-5376.0
-3776.0
-1216.0
0.0
-576.0
-768.0
-2048.0
-960.0
-448.0
1280.0
1408.0
3904.0
5248.0
6272.0
6656.0
8192.0
12544.0
9856.0
4096.0
-2304.0
1664.0
6080.0
1024.0
-4992.0
-7040.0
-3136.0
1472.0
4224.0
1216.0
-5376.0
-5888.0
-3840.0
3008.0
4736.0
4608.0
-64.0
-896.0
384.0
5184.0
3840.0
-1856.0
-3264.0
-3712.0
-128.0
1472.0
1792.0
2112.0
2304.0
3328.0
3584.0
3648.0
576.0
-2688.0
-7424.0
-6528.0
-4096.0
-7168.0
-7168.0
-7488.0
-4288.0
-1216.0
1920.0
3328.0
6080.0
8448.0
8768.0
8512.0
6848.0
6336.0
5568.0
4544.0
4608.0
3584.0
3840.0
4800.0
3264.0
2048.0
1408.0
1472.0
2432.0
2944.0
2304.0
704.0
-256.0
-1408.0
-1280.0
384.0
1280.0
640.0
-256.0
320.0
1088.0
1088.0
1408.0
1408.0
1472.0
192.0
192.0
384.0
1024.0
896.0
1088.0
896.0
960.0
2112.0
2432.0
2624.0
1600.0
1472.0
4480.0
3584.0
2560.0
576.0
832.0
448.0
128.0
768.0
256.0
192.0
512.0
832.0
512.0
1792.0
2816.0
3392.0
1792.0
2496.0
3328.0
832.0
-320.0
-64.0
1600.0
448.0
-448.0
64.0
320.0
1344.0
896.0
1664.0
2560.0
2112.0
1664.0
3392.0
3648.0
1344.0
896.0
2496.0
1600.0
-192.0
-192.0
-576.0
-320.0
768.0
2048.0
1536.0
1472.0
2176.0
1920.0
2304.0
3392.0
2240.0
1024.0
512.0
-64.0
-576.0
-128.0
896.0
1152.0
2048.0
2496.0
2240.0
2432.0
2560.0
1024.0
-64.0
-320.0
-896.0
-64.0
896.0
1856.0
896.0
1280.0
192.0
64.0
1408.0
2432.0
3200.0
2816.0
-640.0
-576.0
-192.0
960.0
2368.0
4352.0
4352.0
2880.0
1472.0
2368.0
2496.0
1216.0
960.0
-832.0
64.0
960.0
2048.0
2304.0
2880.0
2624.0
1408.0
1536.0
-448.0
-2752.0
-1984.0
1472.0
2240.0
1920.0
4992.0
4736.0
2560.0
1344.0
320.0
-256.0
-64.0
384.0
576.0
960.0
1408.0
2688.0
3456.0
1536.0
-896.0
-896.0
0.0
-128.0
960.0
2496.0
2688.0
5504.0
448.0
-1024.0
-64.0
-128.0
-1024.0
1920.0
2752.0
768.0
1536.0
1408.0
-1472.0
-576.0
-1408.0
2560.0
640.0
3136.0
2112.0
1024.0
512.0
2240.0
1600.0
2880.0
320.0
1344.0
448.0
640.0
192.0
768.0
256.0
-256.0
2624.0
5888.0
4672.0
4544.0
1024.0
-1280.0
-448.0
-576.0
640.0
896.0
-256.0
576.0
-192.0
-2176.0
-2816.0
-1216.0
-1216.0
896.0
1664.0
4672.0
2432.0
-1216.0
-2240.0
-192.0
640.0
2752.0
4288.0
2688.0
4160.0
1024.0
-448.0
-384.0
256.0
0.0
768.0
2112.0
-768.0
-320.0
-256.0
576.0
1536.0
3328.0
2880.0
2048.0
-1216.0
-2048.0
-128.0
1664.0
576.0
2688.0
2240.0
3136.0
-1024.0
4416.0
4672.0
6272.0
2432.0
640.0
-3200.0
-704.0
1216.0
2176.0
1472.0
1280.0
2304.0
-896.0
-1088.0
1408.0
2368.0
960.0
1664.0
1600.0
576.0
1088.0
1600.0
128.0
384.0
-1024.0
-2048.0
1024.0
960.0
320.0
-704.0
-896.0
1728.0
4032.0
2432.0
1024.0
704.0
-1728.0
-704.0
384.0
-640.0
1344.0
-896.0
1984.0
3136.0
2560.0
2240.0
768.0
-384.0
-832.0
1472.0
576.0
-1600.0
-2688.0
-2688.0
-1984.0
0.0
3456.0
3968.0
1984.0
4800.0
384.0
3072.0
2432.0
1920.0
-1600.0
-832.0
-2496.0
-2176.0
-192.0
3584.0
-768.0
-128.0
640.0
1600.0
1600.0
3200.0
3392.0
3584.0
1984.0
1344.0
1600.0
2496.0
3008.0
4416.0
1344.0
3200.0
640.0
-1088.0
-192.0
2368.0
-576.0
-1216.0
-896.0
0.0
-512.0
4096.0
3520.0
1024.0
1344.0
-3840.0
-3584.0
-3904.0
-2368.0
3456.0
1216.0
-512.0
-2240.0
-1664.0
-1088.0
1344.0
4224.0
5056.0
4480.0
3520.0
2368.0
3840.0
2432.0
-512.0
640.0
-448.0
-1152.0
-2112.0
-3200.0
-3456.0
-3392.0
-2624.0
1024.0
-1152.0
-1856.0
-2688.0
-2048.0
1664.0
1024.0
1024.0
704.0
3328.0
4736.0
3456.0
4224.0
2240.0
3008.0
2240.0
5888.0
4032.0
2560.0
4224.0
1536.0
576.0
1600.0
-2304.0
-1152.0
-3008.0
64.0
-2176.0
960.0
768.0
-576.0
2048.0
5696.0
-64.0
-64.0
-320.0
-1600.0
-320.0
576.0
256.0
320.0
1408.0
4480.0
2176.0
4288.0
2304.0
-1856.0
1152.0
-64.0
-512.0
-3200.0
-3328.0
-4288.0
1152.0
0.0
-576.0
448.0
704.0
-1664.0
1280.0
512.0
1856.0
3392.0
1728.0
2624.0
3136.0
1472.0
2816.0
-64.0
64.0
-128.0
-2624.0
1152.0
1280.0
-704.0
-1152.0
-1408.0
2560.0
2560.0
832.0
-3584.0
-2560.0
1728.0
4224.0
1920.0
256.0
5824.0
6976.0
4032.0
1408.0
-2880.0
-1792.0
-1088.0
1664.0
3456.0
2304.0
4096.0
-1024.0
-1088.0
-1600.0
-1024.0
4800.0
5632.0
1664.0
-512.0
5120.0
128.0
-256.0
-704.0
-2112.0
-1984.0
-1728.0
-3648.0
-3776.0
-448.0
-512.0
2816.0
-2368.0
-2368.0
-1472.0
320.0
1984.0
-192.0
-2624.0
-704.0
-1472.0
2112.0
6912.0
3456.0
1088.0
2816.0
-256.0
-576.0
-1664.0
2560.0
576.0
2496.0
3904.0
6080.0
2816.0
2880.0
-5056.0
-1984.0
-64.0
6592.0
2240.0
3584.0
3968.0
2432.0
2624.0
2304.0
-832.0
-2944.0
-3456.0
-2624.0
-2304.0
-64.0
-320.0
3648.0
2752.0
640.0
-1536.0
-3712.0
-1024.0
-320.0
704.0
512.0
640.0
704.0
-2816.0
-3072.0
-1344.0
-4416.0
64.0
1344.0
640.0
3136.0
128.0
320.0
-1024.0
-2368.0
-1472.0
-1216.0
512.0
-128.0
-448.0
128.0
1280.0
4096.0
1920.0
1536.0
-128.0
2880.0
2432.0
2880.0
2432.0
1344.0
1344.0
9792.0
2112.0
1216.0
3904.0
2752.0
1408.0
2368.0
-1408.0
-4608.0
-6144.0
-4928.0
-5248.0
-5312.0
-1344.0
-2944.0
4224.0
576.0
1408.0
1792.0
5440.0
4480.0
2560.0
1984.0
128.0
-1472.0
-832.0
-1600.0
-2176.0
-2112.0
-1280.0
-1856.0
-4032.0
-4288.0
1216.0
4672.0
-1984.0
3584.0
3712.0
3712.0
2624.0
-2112.0
2496.0
4480.0
3392.0
4864.0
4224.0
2176.0
384.0
1216.0
-448.0
1024.0
3968.0
2752.0
5120.0
-2624.0
-3008.0
-2880.0
1024.0
-320.0
1152.0
-3264.0
1280.0
704.0
1600.0
1536.0
1280.0
-1152.0
-512.0
1216.0
512.0
2688.0
2752.0
1024.0
-2112.0
-2496.0
-2432.0
-3456.0
-384.0
832.0
1600.0
-2112.0
-2496.0
448.0
-3712.0
-2880.0
-3968.0
192.0
512.0
960.0
-64.0
1216.0
-1792.0
-2176.0
320.0
6400.0
3200.0
4096.0
7808.0
-1344.0
576.0
-2432.0
-1408.0
-1536.0
2368.0
896.0
2752.0
6720.0
-1728.0
-2880.0
-832.0
4672.0
6528.0
4416.0
192.0
-1600.0
-2624.0
-4672.0
-3456.0
-3776.0
-3392.0
-2432.0
-192.0
-320.0
-2432.0
320.0
-1728.0
-1088.0
-3072.0
-4032.0
64.0
640.0
1088.0
4096.0
4736.0
4800.0
4800.0
2240.0
-704.0
-5568.0
-1216.0
256.0
-3968.0
-256.0
5952.0
7104.0
8320.0
5312.0
4224.0
-128.0
-192.0
-1536.0
-1600.0
640.0
2432.0
5248.0
1920.0
1920.0
3648.0
1856.0
-5056.0
-3392.0
-4032.0
-4800.0
-2624.0
704.0
-256.0
-960.0
-512.0
-2880.0
1984.0
1984.0
2368.0
-1728.0
-3648.0
-3200.0
-4544.0
-4736.0
-1792.0
1408.0
3712.0
4096.0
2688.0
-1408.0
-2432.0
-1152.0
1600.0
2560.0
3648.0
6208.0
12352.0
10240.0
6464.0
-1088.0
-1920.0
-3200.0
-3456.0
-3904.0
-4224.0
-7168.0
-6336.0
-2048.0
3776.0
7296.0
6656.0
-576.0
-4480.0
1088.0
5440.0
8448.0
-320.0
-2880.0
-1856.0
-1600.0
-2752.0
-2496.0
-5888.0
-4032.0
2240.0
-640.0
-4160.0
-1728.0
3776.0
7360.0
576.0
-3136.0
-576.0
576.0
1664.0
-448.0
-2112.0
6144.0
6592.0
-3648.0
-3520.0
-1920.0
1344.0
4992.0
4992.0
7744.0
-2752.0
-3648.0
128.0
2560.0
5632.0
1728.0
-2496.0
-320.0
-1152.0
-5056.0
384.0
2112.0
4800.0
5952.0
1792.0
512.0
-6016.0
-5248.0
-960.0
1088.0
-1152.0
-3776.0
-960.0
-5056.0
-3264.0
-3328.0
-2240.0
128.0
3392.0
2304.0
2304.0
-2560.0
-256.0
1536.0
1344.0
3648.0
5760.0
-1408.0
-3712.0
-2496.0
3968.0
9664.0
5952.0
1792.0
-2880.0
-2048.0
-3776.0
2944.0
20096.0
13120.0
-3968.0
-3648.0
-5952.0
-6720.0
-6272.0
-4096.0
3776.0
3392.0
512.0
-1856.0
-3072.0
-1472.0
-5376.0
-1984.0
-1536.0
0.0
2880.0
6976.0
6016.0
-1728.0
-4672.0
-3904.0
-3392.0
-4224.0
-2752.0
-1984.0
-1664.0
-960.0
4480.0
4864.0
3264.0
2944.0
1088.0
-128.0
-320.0
5888.0
2880.0
7680.0
6976.0
10240.0
2560.0
-5696.0
-6528.0
-3328.0
1472.0
960.0
64.0
3584.0
192.0
-4480.0
-4800.0
-4480.0
-320.0
1536.0
-1792.0
-4288.0
-3264.0
640.0
2816.0
3520.0
1280.0
320.0
256.0
-1536.0
-2432.0
-1216.0
3968.0
6144.0
9088.0
1152.0
-2048.0
-4480.0
-2176.0
-3712.0
-1472.0
-2368.0
-6016.0
640.0
4032.0
-832.0
12672.0
6336.0
3840.0
-1536.0
2112.0
576.0
-1344.0
1152.0
2240.0
-1344.0
-1600.0
-1408.0
-320.0
-1152.0
2880.0
-576.0
2624.0
3520.0
9216.0
256.0
-1728.0
-1856.0
-1024.0
-832.0
128.0
-960.0
-2368.0
-4032.0
-6592.0
-5696.0
-3456.0
1024.0
11904.0
20224.0
4288.0
-1984.0
-5824.0
1984.0
6464.0
8320.0
4736.0
-576.0
1280.0
1792.0
64.0
3456.0
4608.0
448.0
-4864.0
-512.0
-4928.0
512.0
-512.0
-6208.0
-4928.0
-2048.0
-3072.0
-3904.0
1984.0
1408.0
3584.0
6400.0
-2560.0
-3904.0
1984.0
-512.0
-2944.0
-512.0
-2176.0
768.0
7872.0
7744.0
6144.0
384.0
-3648.0
-2624.0
-1216.0
22208.0
18112.0
2880.0
-3776.0
-7552.0
-6912.0
-5824.0
-4736.0
-1984.0
2304.0
640.0
-512.0
-192.0
-960.0
640.0
1024.0
320.0
896.0
3456.0
7616.0
-5504.0
-4928.0
-8128.0
-12544.0
-10624.0
-2944.0
-4032.0
128.0
-1088.0
-1216.0
4864.0
9472.0
2496.0
2432.0
1792.0
8384.0
1344.0
704.0
3456.0
4224.0
-2624.0
1152.0
-896.0
7808.0
4736.0
-1920.0
-8448.0
-2752.0
-4992.0
-5440.0
-4608.0
1088.0
1088.0
640.0
-128.0
-64.0
-192.0
1152.0
1216.0
1472.0
2176.0
1536.0
1408.0
512.0
3968.0
3904.0
256.0
-4928.0
-3840.0
-2624.0
-6336.0
-6336.0
-10688.0
-14720.0
-7040.0
320.0
320.0
8768.0
17920.0
11520.0
5760.0
4992.0
2048.0
2944.0
1600.0
1280.0
-512.0
-3264.0
-9728.0
128.0
128.0
1152.0
4416.0
3456.0
2560.0
3136.0
1472.0
-1088.0
-4672.0
-6144.0
-8448.0
-6784.0
-576.0
-1536.0
-6400.0
-5120.0
384.0
2368.0
1216.0
2048.0
320.0
2048.0
896.0
3072.0
1344.0
6912.0
5056.0
10112.0
3200.0
1792.0
7552.0
3008.0
-1792.0
-1472.0
768.0
1216.0
512.0
192.0
-3904.0
-6784.0
-4352.0
-6784.0
-3264.0
1280.0
3392.0
0.0
-1984.0
896.0
-768.0
-576.0
-1856.0
-1152.0
-5376.0
-1152.0
1792.0
2880.0
4672.0
2112.0
4928.0
3456.0
4736.0
3264.0
2880.0
768.0
576.0
-1792.0
-4352.0
-5696.0
2624.0
2688.0
2304.0
960.0
576.0
2112.0
448.0
-640.0
4544.0
5440.0
-3904.0
-7168.0
-3776.0
-8384.0
-9792.0
-8320.0
-6912.0
-2304.0
-896.0
-1536.0
-448.0
-64.0
704.0
2112.0
3072.0
2752.0
5568.0
5312.0
4416.0
2624.0
3712.0
5056.0
6208.0
5760.0
-5696.0
-6336.0
-8064.0
-3584.0
-1088.0
-1472.0
-4928.0
-2304.0
3584.0
1984.0
192.0
64.0
-832.0
896.0
1792.0
576.0
1920.0
2368.0
3904.0
3456.0
1408.0
1088.0
-3200.0
-3392.0
-4736.0
-7680.0
-8256.0
-16640.0
-12928.0
-2624.0
-3712.0
-1664.0
4672.0
24576.0
20224.0
-2112.0
-512.0
-1472.0
-896.0
-704.0
-3648.0
-704.0
1216.0
9728.0
8320.0
640.0
1216.0
5888.0
8704.0
64.0
384.0
960.0
-896.0
-2112.0
-5184.0
-5760.0
-1344.0
-5376.0
-8704.0
-576.0
-1344.0
-3968.0
-3776.0
-7232.0
-3008.0
-1408.0
4032.0
15104.0
1920.0
-1408.0
1856.0
384.0
12096.0
5888.0
-768.0
320.0
576.0
1344.0
768.0
1152.0
896.0
1024.0
-1216.0
-8256.0
-7808.0
768.0
192.0
1600.0
-1088.0
-2432.0
-3904.0
-4544.0
-2240.0
320.0
-2240.0
-5056.0
-6208.0
-1920.0
2368.0
8960.0
4416.0
1088.0
2496.0
5568.0
7680.0
4672.0
-320.0
-8128.0
-12416.0
-2880.0
-2176.0
-576.0
8576.0
3136.0
1856.0
1792.0
4736.0
9408.0
576.0
-960.0
-384.0
-1792.0
-1536.0
-4608.0
-7808.0
-11008.0
-9152.0
-12800.0
-9856.0
-1344.0
-3904.0
-3264.0
20928.0
832.0
-192.0
320.0
1088.0
-1152.0
-1600.0
2624.0
2176.0
3776.0
6656.0
5824.0
576.0
-1664.0
-6848.0
-4160.0
-4928.0
-5248.0
-2496.0
4672.0
9792.0
-640.0
-2880.0
-2240.0
-3328.0
-3136.0
-960.0
256.0
4032.0
12032.0
19200.0
2304.0
1088.0
384.0
-3776.0
-8640.0
-9472.0
-2880.0
-5952.0
-9920.0
-9024.0
-6912.0
-8384.0
-3200.0
1600.0
23488.0
18688.0
-1408.0
-6976.0
960.0
12032.0
3584.0
-64.0
-2432.0
2176.0
4544.0
3456.0
-320.0
832.0
2944.0
3712.0
7168.0
1152.0
4992.0
1344.0
832.0
4096.0
-128.0
-8128.0
-8960.0
-6144.0
-6016.0
-6592.0
-2496.0
-5056.0
-10880.0
-10816.0
-6272.0
640.0
18176.0
16384.0
3200.0
640.0
2560.0
1792.0
1728.0
3264.0
3584.0
6016.0
1600.0
-384.0
-3520.0
-6336.0
-896.0
-256.0
320.0
640.0
-1984.0
-2944.0
-9600.0
4800.0
3584.0
-3776.0
-896.0
768.0
10304.0
7552.0
3392.0
-4800.0
-8320.0
-5888.0
2496.0
1216.0
4864.0
-2880.0
-3008.0
-576.0
4864.0
3776.0
6528.0
1728.0
-256.0
2240.0
7360.0
2816.0
-256.0
192.0
-2560.0
-1408.0
960.0
-1408.0
-4416.0
-9408.0
-16832.0
-4224.0
-2688.0
-3392.0
8960.0
22912.0
9856.0
2176.0
3968.0
-384.0
-64.0
-1600.0
-2368.0
-1408.0
-3200.0
-768.0
2624.0
-128.0
-3712.0
-5248.0
-6464.0
-3456.0
-3776.0
-4736.0
-3904.0
1344.0
12800.0
-192.0
-768.0
0.0
-704.0
2048.0
1664.0
16640.0
8640.0
4992.0
2752.0
1728.0
1600.0
-7488.0
-17344.0
-11200.0
-4800.0
-5760.0
-10752.0
-6656.0
-7296.0
-5312.0
-1344.0
5312.0
2368.0
-1408.0
-896.0
-1088.0
-1024.0
-1472.0
-3328.0
-6592.0
-6720.0
-3776.0
-704.0
448.0
1664.0
-320.0
-64.0
-2688.0
-14976.0
-12800.0
-5184.0
-5184.0
-2368.0
-14720.0
-19904.0
-24768.0
-26368.0
-23488.0
-13696.0
-10368.0
-9280.0
-9920.0
-13504.0
-11392.0
-9344.0
-8000.0
-5696.0
-3648.0
-4224.0
-6336.0
-2816.0
-1856.0
-2880.0
-1792.0
-320.0
576.0
512.0
26240.0
28160.0
20928.0
576.0
3840.0
320.0
9280.0
15296.0
-1856.0
-2240.0
1920.0
5952.0
3776.0
-1152.0
5184.0
5568.0
2176.0
6912.0
9984.0
12480.0
5248.0
8000.0
8576.0
15936.0
12160.0
-192.0
-640.0
1728.0
3712.0
3712.0
6912.0
8128.0
0.0
-1088.0
-640.0
17728.0
16256.0
4288.0
-1216.0
-2176.0
-2560.0
-384.0
1792.0
256.0
-384.0
-6848.0
-8128.0
-7808.0
-8512.0
-6016.0
-8960.0
-8640.0
-7488.0
-6144.0
-5824.0
-6656.0
-10816.0
-8960.0
-4032.0
-5632.0
832.0
20544.0
192.0
-3008.0
4992.0
7936.0
3840.0
-3968.0
-1728.0
-4224.0
704.0
5632.0
5760.0
6400.0
-2304.0
-1536.0
-1280.0
1024.0
3968.0
11072.0
8384.0
4672.0
6656.0
13376.0
6976.0
8128.0
-2048.0
-2368.0
-2112.0
-4608.0
7872.0
9920.0
8896.0
-1472.0
3392.0
7552.0
9984.0
11136.0
8320.0
16512.0
-576.0
1792.0
0.0
2112.0
896.0
1920.0
-64.0
1408.0
192.0
-1472.0
-2560.0
-2240.0
-6784.0
-640.0
1600.0
3584.0
2816.0
-3328.0
-6976.0
-4864.0
-4800.0
-3904.0
-7168.0
-6528.0
-3392.0
-2880.0
-3904.0
-6400.0
-1856.0
-3520.0
-4416.0
-2560.0
-2624.0
-2688.0
-5824.0
0.0
-1728.0
3776.0
10880.0
-6208.0
-6720.0
-2560.0
4736.0
-576.0
-1216.0
-1408.0
-1280.0
-2880.0
-7040.0
-8640.0
-5952.0
-3648.0
-9408.0
-16896.0
-6848.0
-3648.0
-5760.0
-5888.0
-8704.0
-2816.0
-9216.0
-576.0
-2688.0
704.0
-10112.0
-7104.0
-9792.0
-7424.0
-9664.0
-192.0
-1408.0
192.0
3008.0
-1792.0
-3840.0
832.0
-1472.0
-5312.0
-7872.0
-3392.0
-3648.0
-1920.0
-3136.0
-4352.0
-3072.0
-1152.0
-2560.0
-3072.0
-1920.0
-4224.0
-5184.0
-4480.0
-4672.0
-3008.0
-2496.0
-2624.0
-1728.0
-2496.0
-2944.0
-2304.0
-3712.0
-2688.0
-832.0
-1024.0
-640.0
-1344.0
-1280.0
-1216.0
-1024.0
-1600.0
-1664.0
-896.0
-192.0
-1856.0
-1088.0
-256.0
-1216.0
-960.0
-576.0
10112.0
5376.0
-1408.0
-64.0
-2176.0
-3200.0
-4288.0
768.0
6784.0
-4480.0
7104.0
7744.0
-2240.0
0.0
-3392.0
8896.0
-7616.0
2944.0
-8448.0
-6528.0
-5760.0
-13056.0
-1408.0
-7296.0
-7872.0
-10240.0
-12608.0
-11136.0
-15232.0
-12608.0
-6208.0
-7808.0
-10048.0
-11328.0
-7168.0
-5504.0
-5504.0
-6144.0
-7424.0
-9856.0
-5120.0
-6208.0
-2944.0
-1856.0
-2816.0
-3584.0
-2880.0
-4672.0
-1792.0
-2176.0
-1088.0
0.0
-64.0
1344.0
320.0
-128.0
1024.0
-1152.0
2112.0
192.0
576.0
1728.0
320.0
576.0
64.0
-128.0
-256.0
-2816.0
-1728.0
-2816.0
-2880.0
-2176.0
-640.0
-576.0
-2048.0
-64.0
-1024.0
-2496.0
-256.0
-1920.0
-4352.0
-4224.0
-1728.0
-640.0
-1472.0
-1280.0
-3968.0
-6336.0
-3264.0
-2816.0
-3520.0
-1024.0
-1152.0
0.0
-1920.0
-448.0
-832.0
-128.0
-1088.0
-256.0
-896.0
29952.0
9856.0
-384.0
4992.0
18496.0
13312.0
-2816.0
3264.0
1536.0
11840.0
3392.0
3392.0
6080.0
4608.0
-1152.0
8512.0
3584.0
576.0
1344.0
3584.0
2944.0
3328.0
640.0
-4096.0
-1408.0
-256.0
2048.0
2880.0
1664.0
-1024.0
-1024.0
-3264.0
-2944.0
-2624.0
3328.0
-1408.0
-1216.0
-384.0
-512.0
-768.0
-1280.0
-1216.0
-704.0
-704.0
0.0
-1600.0
-192.0
-1088.0
256.0
-1856.0
128.0
-320.0
-128.0
-128.0
-64.0
-1344.0
1024.0
960.0
-576.0
768.0
1024.0
768.0
1856.0
384.0
704.0
1856.0
1664.0
768.0
448.0
-640.0
-256.0
896.0
1728.0
1920.0
1920.0
2304.0
2816.0
-1536.0
-448.0
-1088.0
1088.0
1984.0
1344.0
3008.0
576.0
-2624.0
640.0
832.0
1216.0
960.0
-3264.0
1088.0
768.0
2752.0
4288.0
-1536.0
2304.0
4544.0
192.0
704.0
2752.0
1152.0
2624.0
2880.0
7104.0
3456.0
-3392.0
-2112.0
256.0
3392.0
6400.0
-640.0
768.0
2432.0
-640.0
128.0
2176.0
576.0
-896.0
768.0
1536.0
-512.0
0.0
320.0
-896.0
256.0
-128.0
-768.0
64.0
-64.0
1280.0
320.0
-2304.0
-384.0
1344.0
-2368.0
-640.0
-1344.0
-1344.0
1600.0
-960.0
-896.0
384.0
-2048.0
1088.0
-1024.0
-128.0
-1344.0
-2240.0
704.0
1728.0
1856.0
768.0
-512.0
640.0
1792.0
704.0
-448.0
3456.0
4544.0
3776.0
2944.0
-128.0
192.0
1280.0
-768.0
896.0
3584.0
3840.0
2176.0
-1408.0
192.0
3072.0
3712.0
-384.0
0.0
-320.0
2880.0
320.0
576.0
-2112.0
896.0
1088.0
-2368.0
-2688.0
-1856.0
-1152.0
-2176.0
-320.0
-1984.0
128.0
0.0
-64.0
-1216.0
-1728.0
-448.0
-2304.0
-1792.0
-2048.0
-1600.0
512.0
640.0
-832.0
-1280.0
-1984.0
1408.0
