16064
-1664
-16000
-13568
-5376
5120
4544
-3328
-6144
-5312
-448
64
-448
-2176
-256
4928
5504
6976
7424
7616
8768
9280
7680
3200
960
-1472
-1920
320
704
0
-384
-512
-1024
-1088
-320
-64
0
-1024
-1920
-960
0
384
-128
-768
320
1856
2240
2112
960
1088
704
832
384
192
-832
-2560
-2752
-2560
3392
5504
3520
-5888
-1024
768
-576
-896
1280
1152
1408
1408
1664
2816
3264
2944
3200
3904
4288
4864
5056
5440
5632
5248
4864
4416
3392
2752
2304
1600
768
0
-320
0
-896
-1152
-1280
-1920
-1728
-1856
-1920
-1984
-1600
-1472
-1088
512
1664
2624
1984
1728
4288
4160
3584
640
1600
1664
1280
1984
1344
1408
1728
2176
2368
2560
768
960
2880
2880
1600
1856
2304
3072
1728
192
256
1984
2560
-192
-832
-256
1152
-128
-704
-832
-64
896
1216
2368
3776
3840
3840
3584
3904
1408
576
-64
1088
192
-832
0
704
1472
1024
1088
2112
1984
2176
3392
2624
2048
1856
2304
1408
128
768
640
768
960
1344
1280
960
2048
1280
1600
1920
2112
960
576
512
1024
1280
1856
2624
3264
3584
3264
3264
3136
256
-384
320
1536
832
384
448
-64
576
1728
2240
2880
2496
1664
576
-640
1664
1792
1664
1856
1664
2304
1728
1536
-192
-1152
-832
-704
256
-832
0
384
1024
832
320
-576
192
1216
2368
2240
2944
3008
2176
3584
4416
2368
512
256
832
0
-1024
-192
-576
512
1536
-128
-192
768
896
1856
1728
1600
2496
2048
1024
1216
1920
4352
3776
2368
3136
1728
2176
192
384
1280
2048
1984
3008
2304
1216
-1280
-576
640
1344
1280
-1664
-192
512
1600
-192
1920
2560
3328
768
1536
1472
0
896
1792
1216
1984
256
1536
-64
1728
704
1792
1024
704
960
1600
512
1024
-192
704
1344
2496
4096
384
832
0
-256
320
1280
64
768
-384
-896
-2368
256
640
1408
3008
5632
4992
960
-1152
-832
384
448
128
-128
1472
832
1536
1472
-1408
-1920
-256
-2240
-1920
-192
1088
1536
1600
4672
5312
256
0
1664
2880
3648
4608
1856
-448
2240
2496
1856
896
1344
-1280
-576
-2368
-1024
-896
3520
5568
1792
2624
1088
-384
-512
640
64
-256
-1280
256
3968
2560
3392
3456
2688
4288
3136
384
-512
-1408
-2688
-2944
-256
448
-576
384
-640
-256
-640
896
320
384
320
-2432
-1728
-384
3584
2432
960
-384
1856
768
-1088
704
-2368
-2560
-768
4288
1600
3968
1792
448
1664
1088
3840
3712
3136
-192
896
128
1920
-1280
512
448
2944
3712
5952
6272
-1856
64
-64
-576
2368
2304
-1024
2304
-1472
-2560
-2304
1984
-512
-128
2496
-1216
-1216
768
-384
1408
1664
2048
960
-192
-1600
2048
-1152
-1728
-1216
576
-448
1152
2624
2432
4224
6080
7104
1792
832
1024
6080
1984
-1408
2240
640
-3072
-3904
-128
-3584
-5696
-5248
-5696
-768
832
-1728
-3584
-2240
2688
4928
2880
2048
2368
2816
2944
64
1088
1792
4672
1856
1280
6784
3776
2432
2432
384
1856
832
2176
4992
4032
1344
1088
1792
1024
-320
-896
1408
1856
2048
3776
-1344
-2688
-3200
-3072
-3840
-3776
-3264
-896
-1600
1344
-2304
-3072
-704
-1216
704
-1280
-2880
-2688
-2880
1280
1152
5568
5952
6848
1664
1600
4992
2432
5760
4544
576
-1536
3776
1728
768
3264
1728
832
-512
448
64
-3392
-3328
4352
-1664
2176
-2624
512
832
1344
-1216
192
1152
3456
5888
1920
2240
2304
1856
-2624
-3200
-3648
320
1472
1920
3264
-704
1792
384
1664
-3008
-2432
-2816
-2624
-3136
-4224
-128
1216
704
-1408
1088
192
3136
0
896
1728
6400
1664
1152
1408
3648
1920
3584
4928
3008
3584
-704
1792
4160
1600
-704
1216
0
2176
-576
-1024
-64
3328
2304
4032
1088
1088
-320
-576
-3072
-3072
704
-320
-4992
-6528
-2176
-2240
-2752
-5696
-2240
-2432
5184
1536
2048
4160
2496
1472
-448
576
-64
0
3392
2368
2560
-832
6976
9088
4992
5184
-3456
-5440
-256
-2176
3712
-2944
3840
6016
64
-5376
-960
-3392
-1152
-3904
-1472
4992
640
-1024
-1984
704
-1152
2304
4672
6592
0
3392
1280
7744
1152
192
-5888
-5504
-832
-4288
-4288
-12224
-15168
-12800
-3072
-4928
11968
6848
-2176
-384
5184
6464
-576
2048
4288
4288
448
2432
1280
-2880
6336
5760
8000
7232
1472
-256
1024
64
3968
9600
4096
64
-1280
-1024
-1152
4416
-1664
-8768
-7872
-4288
-2368
4736
1088
-2880
-5632
-3968
-576
3776
3392
-2880
-3968
1408
3648
6464
-1984
-1920
-1984
2688
-2560
-3008
-3456
-576
16384
10944
-1984
1600
-1984
704
1600
4736
4608
-3584
-512
-1280
1088
-512
5696
7680
64
-4800
-1856
-576
1792
-512
-704
-3456
5952
5376
-448
-1600
-192
-3200
-6464
-4160
-6272
-4480
-3008
6784
4672
832
3584
5248
-2176
-2240
-1664
-10688
-7232
-4416
9536
1664
-3200
2048
-2944
576
4544
4864
7168
6848
-4736
-4096
4992
14080
4608
768
2496
8448
-3200
-768
-4672
-1152
-2048
-4288
8384
3200
-8960
-5888
576
2368
1088
-1600
-2688
1728
4160
1408
576
-3264
-704
1344
64
3584
2560
-2432
2880
3136
2688
3200
-7552
448
2048
4800
3904
320
5888
5760
-448
320
640
2688
-2240
7552
9472
0
896
-3264
7488
4160
6400
8000
10560
6400
-3584
-5696
-3968
-3712
-4544
-1216
-3840
-6272
-9792
-5312
-2496
4096
7360
-6592
2112
-3904
-5312
3776
5952
640
-2560
6464
-64
8128
7168
5440
5888
2496
5120
3648
4096
3072
2048
-2560
4416
6528
-3136
640
-6976
-10624
-7488
-4992
-3200
1408
6144
576
-1792
-1728
-1600
-448
7552
9856
3456
-3840
-3008
1152
4928
-192
-3328
576
-320
-2432
384
-4800
-5888
704
448
4224
14592
2688
-1728
2112
13760
9984
-9856
-2688
2880
6272
2176
4416
-1216
-192
1408
7808
-2368
-7552
-7744
-2560
-2368
-960
-1536
-448
-2048
-512
1792
6144
3456
1408
1536
512
-8960
1600
2752
3520
-6848
-4288
5056
-64
2624
4160
1088
4800
6720
4736
3136
5504
-3136
-2048
-1792
7104
4736
5760
-5440
-5696
-4800
128
5184
-2112
-4928
-5952
2688
3008
5504
-3264
-3776
-5056
-6720
-256
9088
5568
-2816
-1600
-1088
-960
-1536
320
-1664
-1536
2240
-1728
-6528
2688
2496
5824
7040
-1856
-1344
7936
6144
2432
-1856
-4544
8384
13312
3008
448
1984
-3072
-3072
-5760
-3904
-1536
-832
-4736
-8512
-6784
-5632
-3648
640
4672
1920
-2880
-6400
-5376
-704
256
-320
7232
7616
5184
9216
1216
5184
1344
4096
9664
5120
6592
832
5056
3392
2112
-2688
-7488
-14016
-14336
-9216
-3712
-4416
1536
17088
1600
-5440
-6336
-4800
3392
6784
-2432
3520
2816
-640
-960
320
-5056
-6720
-4224
-3456
-2432
-2304
6464
-1088
1984
9792
6720
-1408
-3072
704
8448
10048
8704
3328
-2944
-2112
6976
4032
-2432
-4096
-9088
-4928
-3968
-320
3136
-448
-4992
1856
10752
6656
1920
-896
-3072
-8064
-576
8704
-4672
-4224
-3456
-4928
-3584
7360
1408
4032
6208
12352
5504
-3008
-768
128
896
-1024
9792
4160
-5056
-768
576
-1216
4288
512
-1152
1344
-4288
-1216
-4608
-3904
-1792
-640
3840
5440
6208
-3520
-7168
2624
2368
1536
-4992
-3328
-3392
-6656
-512
5952
128
3328
-2880
1920
6080
0
2112
16192
9472
-2240
5632
512
1152
896
-2880
-5888
-3072
448
-768
-1280
-4736
-7552
-6912
-1600
-1984
-1408
-3008
-4800
-5952
-512
768
1920
2304
-4032
5568
5888
4608
9728
1792
5184
1152
4800
2752
5312
1920
6720
3072
-10496
-9024
-7040
-7616
-6208
-4864
5440
24192
14656
-11136
-7808
4160
7040
7360
-896
-1152
-3008
-4736
-3968
2432
1536
-1664
-6208
-6784
-2048
1856
11456
-9088
-8896
-9280
-128
-1344
2432
14848
16192
3200
-3392
-3456
3200
10752
5312
-11392
-10944
-2880
256
-64
-768
-3008
-1152
2880
4864
10688
1344
1728
-6528
-4608
3392
384
1088
-8640
-7744
-5056
-1152
960
6464
6976
5952
5376
2240
-2752
512
-3008
4480
11648
4672
-704
960
-2432
-320
448
-3264
-4672
-4992
-1280
1536
4544
-2624
-1280
3904
1088
-832
-4160
-128
896
-832
-1600
-3136
-3072
-1472
832
-1728
-3776
-448
-1088
-3200
3776
5056
19456
6784
1664
7680
6528
1344
0
-1856
1344
448
-576
512
448
-1472
-13312
-8896
-1152
-2304
-4096
-6144
-12800
-13824
-2048
-1408
1600
4096
5120
6976
7808
9536
5184
3200
1728
2112
3648
5568
7488
6144
4928
1728
-192
-13760
-11264
-128
448
1024
1472
-4736
-5440
-4480
1280
3328
1152
1472
-512
-384
-640
1152
960
2944
1600
3264
1024
3136
-4544
-3328
-3456
-4544
-896
-1664
-2560
2368
1984
2240
2496
3136
1600
2432
2688
1024
640
1088
640
2752
1216
704
1472
-1344
-896
-3264
-10368
-6144
2240
320
-768
-2304
-4864
-5056
-4288
3712
4864
1856
1792
4416
1344
2304
-9664
-9216
-960
2048
2752
1984
3648
2176
5952
10176
2496
-896
-3648
-1856
2176
-704
-2240
-3072
-5952
-2624
576
256
-1600
-2688
-3200
-2112
3072
896
-3072
-2240
-1856
-5632
-6592
-1920
4736
1728
1024
128
832
960
13184
16768
-512
1536
-4288
-3200
576
-576
1984
2880
-6272
-4096
-3072
-4480
-5824
-4032
-3776
-2944
-2368
-1792
-1024
3648
11328
6720
4288
1920
3008
2176
-1408
-2624
1280
1984
3904
8192
7040
1792
-11968
-12672
7488
12288
-11904
-2496
-3520
-1664
-18240
-7616
1152
7616
10176
6720
3904
-64
320
-1024
-7296
-2624
2496
-2240
-6144
-3456
-2688
-7040
-9856
-1664
1152
3392
11712
128
-3584
-192
2048
-640
-3136
1792
704
512
192
1408
-2816
1344
8000
7680
1536
-3456
-2752
256
8448
-1088
-4800
-3072
-1600
-2880
2368
-512
-832
10304
11776
5056
256
-1344
-9664
-3200
4928
7040
1024
3136
-2048
-5696
-1088
2560
-1792
1216
3584
-3200
-4160
-2048
-3008
-1600
3200
512
768
-6592
-3200
1280
1280
-2816
-1728
1408
768
-7872
-10880
-9152
19072
19584
2176
-4352
-5952
-1600
-2432
20288
7360
3648
1600
1408
-2496
640
-1344
-3712
-3904
-2944
5632
-5952
-7744
-6912
-7168
-3904
-3584
-3520
-1472
-4224
-3072
-4096
-3712
-1600
-3776
-7360
-8320
-9344
-5312
-6528
-8768
-4928
-9536
-16320
-15552
-6976
-11072
-10752
-11648
-14592
-19264
-14592
-6912
-5568
-6656
-7168
-5952
-2624
-3328
-2240
-1728
-2176
-2176
-256
-256
1472
30976
16384
-768
4160
6016
15104
13696
8256
5696
-2944
-1984
-1216
7424
11264
7232
8512
832
0
-1856
64
9792
6400
-576
128
3648
10560
13824
7488
-576
960
896
-1920
1536
3200
5120
7360
2880
-512
-8256
-4672
7936
0
-9600
-5184
-1536
-1984
-5696
-6592
-10496
-15104
-11392
-13248
-10816
-7552
-7488
-6144
896
10560
-1664
-2304
-4288
384
5504
640
1280
4544
960
6336
-256
-64
6656
3200
1088
-256
704
2496
6016
5632
3072
7296
19776
2304
-1856
-5888
-3712
9280
20544
17664
-1536
-2944
-3008
1152
11200
10944
5568
4480
12864
8448
4480
3328
-2304
4928
13632
8576
-2432
-3072
-4032
12480
7232
2560
-4992
-3392
-2816
-6080
-3968
2560
5760
-4352
-6784
-5568
-8064
-2112
-4736
-10368
1728
2112
10048
-1856
-7104
-8320
-1408
-5120
-6592
8000
2112
-3264
1984
-2880
-2560
-2112
-3776
-4224
1472
2432
-5888
-4928
-1856
-3904
-8640
-14272
-11072
-10944
-5888
-5632
-5952
-7040
-7232
19456
-6528
-13568
-9024
2560
-5184
-4096
-1472
-8448
-6848
-768
-7232
-2240
704
-1856
-4928
-2240
-2304
-6272
-7872
-5056
-2688
-1536
-7232
-2816
-1536
-3584
-2816
-1472
-5696
-7168
-6208
-5312
-4288
-704
-1408
-3456
-1024
-1408
-2176
-4544
-4096
-3456
-2816
-3840
-1920
-2688
-2560
-2368
-1728
-1152
-896
-256
-576
-448
-384
-256
-832
-1152
1088
1408
19648
32384
17472
-1088
-2688
-5056
-2816
-3392
5824
12352
6080
-2560
-1536
-1984
4928
-8640
-5376
-9600
-10048
2816
-10240
-9984
-3584
-12288
-16832
-16832
-7104
-3136
-7680
-13760
-12736
-8704
-6016
-8768
-4992
-6272
-6208
-6848
-6720
-3776
-3200
-2944
-3392
-128
-1472
576
1344
1664
1344
2304
1856
2304
1728
192
2560
2560
1920
2368
2240
-512
-192
-128
-64
832
1280
-128
-256
-832
-2048
-1664
128
-640
-1152
1024
320
-2240
-896
-3200
-4928
-7360
-3008
-128
64
-2048
-3904
-5440
-6016
-3328
-7552
-5440
-4032
-4352
-3712
-4864
-3328
-1088
-1600
-3456
-1792
-640
-2560
128
0
64
32384
-6400
11328
11776
18560
2496
576
13248
7552
5248
14080
2880
-1600
448
8576
704
1984
1536
-768
-704
-256
512
-2368
-960
-896
1088
-1344
-64
-2112
-2176
-3968
