-1216.0
64.0
1472.0
5056.0
4672.0
320.0
-3264.0
-4864.0
-3520.0
64.0
-1344.0
-2112.0
-1344.0
-1280.0
-256.0
-1344.0
-768.0
-1024.0
-2112.0
-2368.0
1216.0
3008.0
5440.0
8832.0
12160.0
12160.0
8576.0
6336.0
4416.0
576.0
-2304.0
4992.0
6528.0
2752.0
-384.0
-1920.0
-64.0
1536.0
1536.0
-2368.0
-4032.0
-3712.0
-1216.0
64.0
832.0
-256.0
-1152.0
1664.0
2752.0
2432.0
2048.0
1280.0
0.0
-192.0
384.0
640.0
768.0
-256.0
-1088.0
-1408.0
-512.0
-256.0
-384.0
0.0
1472.0
2176.0
2304.0
2624.0
4160.0
4352.0
-512.0
-4480.0
-6208.0
-1152.0
448.0
1088.0
-576.0
0.0
-896.0
-1088.0
1152.0
1536.0
2304.0
2688.0
3200.0
3392.0
2304.0
1856.0
1536.0
3008.0
3968.0
3776.0
3968.0
5312.0
6080.0
6336.0
6080.0
2496.0
1472.0
960.0
-192.0
-640.0
-1600.0
-2112.0
-2432.0
-2176.0
-2304.0
-2688.0
-2048.0
-768.0
1600.0
2816.0
3264.0
3776.0
2624.0
1664.0
3200.0
2304.0
704.0
384.0
1344.0
1408.0
448.0
0.0
768.0
1024.0
-384.0
-576.0
128.0
3328.0
3392.0
2176.0
2624.0
2496.0
1408.0
1216.0
1344.0
1472.0
1024.0
-128.0
512.0
896.0
-704.0
-1472.0
-960.0
256.0
384.0
192.0
2880.0
3392.0
2432.0
3840.0
4864.0
2304.0
-192.0
768.0
1728.0
1600.0
-1344.0
-1088.0
512.0
832.0
-128.0
3456.0
768.0
2240.0
2368.0
4160.0
2432.0
3008.0
1728.0
1472.0
-1152.0
1728.0
1600.0
-128.0
0.0
896.0
1600.0
2304.0
1600.0
1280.0
3584.0
1728.0
1664.0
-576.0
320.0
1024.0
832.0
2048.0
-768.0
-192.0
704.0
3136.0
1280.0
576.0
1600.0
-1472.0
0.0
832.0
512.0
3200.0
2432.0
2432.0
3584.0
2176.0
2688.0
1408.0
-576.0
-512.0
64.0
-832.0
1024.0
1664.0
2048.0
1216.0
3072.0
384.0
-1088.0
-832.0
-1664.0
384.0
1792.0
2112.0
3328.0
3840.0
2496.0
2688.0
4672.0
4352.0
-1024.0
448.0
384.0
2176.0
1856.0
3456.0
3456.0
1856.0
-1408.0
-1728.0
-3968.0
-1344.0
-1344.0
-704.0
128.0
1408.0
64.0
320.0
2368.0
1280.0
-256.0
2176.0
2240.0
2624.0
2496.0
1472.0
3968.0
2560.0
2880.0
704.0
256.0
1216.0
768.0
1472.0
4864.0
1216.0
960.0
-1792.0
-3136.0
-1792.0
640.0
3136.0
64.0
3264.0
1472.0
4544.0
-128.0
-1408.0
-768.0
-384.0
-128.0
3456.0
2944.0
1856.0
704.0
384.0
1600.0
1728.0
768.0
5888.0
2880.0
1408.0
-1408.0
-2240.0
-2048.0
-2432.0
-1984.0
-448.0
320.0
1216.0
2944.0
4032.0
3584.0
192.0
1600.0
1216.0
3776.0
512.0
1472.0
768.0
2048.0
1408.0
768.0
1152.0
2368.0
1024.0
-1472.0
-1792.0
4608.0
7232.0
3008.0
6016.0
2240.0
-1472.0
-1472.0
-3200.0
-832.0
512.0
-768.0
192.0
-448.0
-2944.0
-1408.0
-128.0
2304.0
3328.0
1536.0
64.0
-3776.0
-768.0
1088.0
-256.0
1984.0
-384.0
1472.0
960.0
192.0
1280.0
2496.0
1088.0
1600.0
1088.0
832.0
1792.0
1472.0
512.0
-64.0
2560.0
-1152.0
-2496.0
-448.0
1088.0
1152.0
4864.0
2688.0
448.0
-448.0
3264.0
512.0
3200.0
4416.0
-768.0
3136.0
-512.0
2304.0
3776.0
6400.0
3904.0
-3648.0
1088.0
1600.0
-1088.0
-1088.0
-256.0
384.0
3776.0
4224.0
-1344.0
128.0
-1536.0
-1088.0
1600.0
512.0
-320.0
-1152.0
832.0
3200.0
6656.0
4672.0
64.0
-1216.0
-128.0
-1344.0
256.0
-256.0
320.0
-64.0
-832.0
64.0
1152.0
-320.0
704.0
-384.0
-128.0
-2048.0
-1280.0
-2816.0
-2176.0
-2176.0
1216.0
4416.0
5888.0
5056.0
2944.0
1344.0
1792.0
1728.0
-512.0
2368.0
-320.0
-1728.0
-256.0
192.0
-3200.0
-192.0
-1792.0
-1024.0
-1856.0
2496.0
-384.0
4160.0
4032.0
5248.0
2752.0
640.0
-576.0
-64.0
2624.0
1728.0
-384.0
704.0
-704.0
-1856.0
-960.0
2048.0
3072.0
2176.0
2816.0
4416.0
4224.0
2048.0
-384.0
-1984.0
640.0
1600.0
-1600.0
1088.0
-512.0
-2048.0
-1344.0
-64.0
-320.0
4096.0
1920.0
4160.0
1984.0
2624.0
2880.0
-2624.0
-768.0
-1600.0
-2176.0
-1664.0
256.0
-2112.0
1664.0
-1408.0
-320.0
-64.0
-320.0
-768.0
1088.0
-320.0
1856.0
2560.0
3712.0
3008.0
576.0
1664.0
-384.0
1536.0
2368.0
2496.0
4416.0
-576.0
640.0
-256.0
1728.0
1536.0
2240.0
2048.0
1408.0
-1600.0
6080.0
4928.0
-1280.0
128.0
-64.0
-1408.0
640.0
256.0
2048.0
-1408.0
-2112.0
-2880.0
-384.0
4672.0
2240.0
-1024.0
-3520.0
-768.0
320.0
2624.0
3136.0
-1344.0
1280.0
1728.0
3392.0
1280.0
704.0
640.0
448.0
2240.0
320.0
1408.0
1920.0
2624.0
1408.0
-1088.0
64.0
448.0
3520.0
1984.0
-2880.0
-4480.0
-4416.0
-1792.0
1536.0
1152.0
-320.0
896.0
-1408.0
-704.0
1984.0
-448.0
4736.0
192.0
3072.0
-192.0
4992.0
1984.0
5312.0
-384.0
-1024.0
-1344.0
2496.0
1600.0
2880.0
-576.0
-1024.0
1024.0
-768.0
128.0
2944.0
4288.0
5888.0
-320.0
-256.0
512.0
3072.0
3008.0
896.0
1472.0
384.0
832.0
-1984.0
-5120.0
-5952.0
-3520.0
-4288.0
896.0
1856.0
-64.0
-1920.0
-3584.0
-4608.0
-1600.0
-3904.0
-2048.0
-640.0
4032.0
192.0
832.0
2304.0
4544.0
2496.0
4800.0
2688.0
5824.0
2560.0
4800.0
1024.0
2816.0
3520.0
2816.0
5248.0
4928.0
640.0
-576.0
-1344.0
-3584.0
448.0
-192.0
768.0
-1152.0
-320.0
2560.0
2816.0
-192.0
-960.0
1152.0
3072.0
256.0
640.0
64.0
256.0
1344.0
640.0
-2560.0
-4288.0
-3520.0
-3008.0
512.0
-2688.0
-3584.0
704.0
1984.0
4224.0
1216.0
-192.0
-4416.0
-1664.0
-1664.0
1984.0
-1408.0
1920.0
256.0
960.0
3392.0
3264.0
6400.0
1408.0
-1856.0
-576.0
-1216.0
1472.0
1600.0
3840.0
-768.0
4096.0
5568.0
5504.0
5888.0
576.0
3008.0
1792.0
4416.0
128.0
-768.0
-1728.0
-3840.0
-2816.0
-3840.0
-192.0
4672.0
704.0
704.0
2112.0
-960.0
-1408.0
-3200.0
-2176.0
832.0
-4416.0
-2432.0
-768.0
1344.0
-1664.0
-3072.0
-2304.0
-3904.0
1600.0
768.0
-704.0
64.0
896.0
1408.0
704.0
1472.0
3904.0
384.0
3648.0
1280.0
2752.0
-192.0
6080.0
10688.0
7936.0
3584.0
5184.0
-2112.0
-3648.0
-3648.0
-64.0
-512.0
1664.0
64.0
-512.0
-64.0
-832.0
-1664.0
-512.0
3392.0
5248.0
-1536.0
3840.0
3264.0
832.0
-1920.0
-1088.0
2368.0
-128.0
-2496.0
128.0
512.0
-1152.0
-384.0
1536.0
-192.0
-4096.0
-4224.0
-4096.0
-2560.0
-2496.0
-832.0
-384.0
4416.0
1920.0
-1728.0
3776.0
1728.0
6016.0
896.0
2752.0
128.0
5376.0
3072.0
3008.0
512.0
128.0
4352.0
832.0
1856.0
-1728.0
-1920.0
-2688.0
3072.0
3712.0
6784.0
2496.0
-576.0
-2944.0
-4160.0
-4480.0
-1024.0
-2112.0
-2304.0
-2752.0
-448.0
-1792.0
-3584.0
-5440.0
-6848.0
-2688.0
-1792.0
-1920.0
-3968.0
1152.0
7808.0
3200.0
256.0
5888.0
2496.0
0.0
-1280.0
1216.0
4160.0
1216.0
5760.0
5248.0
4096.0
3712.0
1408.0
-3264.0
1984.0
9024.0
1408.0
2880.0
1792.0
-1856.0
-3072.0
832.0
1536.0
3072.0
1664.0
320.0
1728.0
-192.0
-3136.0
-1856.0
1216.0
832.0
0.0
-2688.0
-1536.0
-2240.0
-4736.0
-4800.0
-4480.0
-5120.0
-1920.0
-128.0
3648.0
2560.0
384.0
2560.0
1408.0
1728.0
-1472.0
-1280.0
-640.0
-2176.0
-256.0
3840.0
1664.0
1472.0
-832.0
3840.0
2752.0
1856.0
1472.0
-1792.0
192.0
-3712.0
640.0
6848.0
11776.0
1344.0
1152.0
-6016.0
1856.0
-704.0
-320.0
-2752.0
-1024.0
-2048.0
-1152.0
-3520.0
-3712.0
-3136.0
-192.0
1088.0
3520.0
2688.0
0.0
3264.0
-640.0
576.0
-640.0
-2752.0
-1472.0
1920.0
1472.0
1024.0
384.0
1920.0
3648.0
1152.0
3840.0
-1408.0
896.0
-2176.0
128.0
2880.0
-128.0
64.0
2048.0
1856.0
-320.0
-640.0
3328.0
3456.0
5376.0
3200.0
1152.0
384.0
576.0
-1536.0
-3072.0
-2304.0
0.0
-1856.0
-1280.0
-3008.0
-2752.0
-5696.0
-9728.0
-5376.0
-2560.0
-2560.0
1152.0
64.0
640.0
256.0
-1408.0
-2624.0
-1088.0
-1216.0
-640.0
-1664.0
448.0
16000.0
15104.0
-1600.0
448.0
1152.0
1408.0
1280.0
5312.0
13184.0
448.0
-5120.0
-5440.0
-13312.0
-512.0
1600.0
-576.0
-2688.0
-1856.0
-9088.0
-7168.0
-3136.0
1664.0
-896.0
-1152.0
1024.0
192.0
8960.0
16768.0
11072.0
-4672.0
-1856.0
-3328.0
-6848.0
-4800.0
1536.0
1344.0
-704.0
-2304.0
-896.0
-2368.0
-3200.0
3648.0
-896.0
-1152.0
128.0
13696.0
10240.0
2496.0
-192.0
-8384.0
-3008.0
2624.0
384.0
-2432.0
-2112.0
-4032.0
-4928.0
-2880.0
-768.0
0.0
1728.0
3264.0
-1408.0
320.0
-2176.0
-640.0
1408.0
1664.0
2112.0
1408.0
2304.0
1664.0
-7552.0
-8128.0
1856.0
448.0
-2560.0
-1024.0
192.0
-768.0
-384.0
-1536.0
1280.0
-832.0
320.0
-2176.0
-832.0
512.0
14080.0
24768.0
-1216.0
-6528.0
384.0
2880.0
1600.0
-1472.0
-3520.0
-4672.0
-5248.0
1152.0
-128.0
-960.0
-128.0
1920.0
1216.0
4544.0
4352.0
1536.0
-3136.0
-5952.0
-5056.0
-3328.0
-3712.0
-2112.0
1024.0
-1600.0
-128.0
-1344.0
-640.0
768.0
-640.0
4608.0
10688.0
6976.0
-192.0
3008.0
4224.0
3072.0
1088.0
2560.0
5056.0
9024.0
6208.0
2752.0
1728.0
-1664.0
-10048.0
-10560.0
2560.0
320.0
768.0
-4288.0
-11136.0
-8320.0
-1920.0
1216.0
256.0
1216.0
2368.0
1152.0
448.0
2816.0
1088.0
-384.0
-1792.0
-1600.0
-2368.0
2944.0
4288.0
4096.0
832.0
640.0
6528.0
10688.0
10688.0
576.0
1280.0
-6272.0
-6528.0
-7040.0
-1792.0
0.0
-896.0
-1600.0
-1664.0
-1664.0
64.0
-1216.0
2112.0
1856.0
1536.0
4096.0
1856.0
3712.0
1536.0
3520.0
-3648.0
-3136.0
-7232.0
-1920.0
1088.0
-7744.0
-6784.0
-3328.0
1984.0
192.0
3712.0
6656.0
3776.0
7360.0
13120.0
15232.0
1024.0
-1856.0
-6976.0
-2560.0
-896.0
2112.0
-768.0
-4096.0
-4736.0
-384.0
-2432.0
-2432.0
-2624.0
-2496.0
-1088.0
576.0
2688.0
2176.0
1024.0
1792.0
1408.0
2560.0
1792.0
-2432.0
-4480.0
128.0
-1792.0
-6400.0
-6656.0
-384.0
-3392.0
-1792.0
-2176.0
-1024.0
-2624.0
-1152.0
704.0
22272.0
8512.0
-1152.0
640.0
3264.0
320.0
1600.0
-1792.0
-7424.0
-2944.0
4416.0
4160.0
-1536.0
-256.0
960.0
4032.0
3392.0
2432.0
-2112.0
-4096.0
-9920.0
-11520.0
-11200.0
-3584.0
384.0
448.0
-384.0
-128.0
-704.0
-832.0
1536.0
7296.0
7296.0
1920.0
-1984.0
-3136.0
3456.0
5824.0
10048.0
11584.0
7424.0
5888.0
6336.0
5248.0
-1216.0
-1600.0
-9344.0
-1600.0
896.0
-3520.0
-6592.0
-320.0
-12160.0
-6912.0
384.0
1024.0
3328.0
2688.0
2688.0
2368.0
5376.0
-4800.0
-3712.0
-5824.0
-6080.0
5952.0
5184.0
6336.0
8640.0
9472.0
8000.0
832.0
576.0
-1024.0
-3648.0
-3776.0
-1728.0
-2240.0
-320.0
8128.0
3712.0
-2304.0
-1280.0
-832.0
-3008.0
-11136.0
-128.0
832.0
16320.0
-2304.0
-7552.0
-1088.0
-1280.0
-5952.0
-6080.0
-7488.0
-9728.0
1280.0
576.0
-3712.0
-576.0
-384.0
-192.0
1920.0
2880.0
8704.0
13568.0
1280.0
-1472.0
192.0
896.0
-3456.0
512.0
2944.0
7872.0
-256.0
1344.0
-4416.0
-5504.0
-2752.0
1408.0
3904.0
1024.0
1216.0
384.0
576.0
256.0
320.0
1024.0
832.0
640.0
1024.0
-1792.0
-11392.0
1280.0
-1600.0
-2304.0
-3456.0
-2368.0
-8064.0
-5504.0
-3904.0
-576.0
-640.0
-5632.0
13056.0
27264.0
23552.0
-1152.0
-2752.0
-4672.0
-6144.0
-3008.0
-1536.0
-2688.0
2688.0
8128.0
10496.0
6464.0
1984.0
2048.0
-640.0
640.0
-4096.0
-11968.0
-8448.0
-6976.0
-7168.0
-6272.0
-1344.0
-1728.0
-2816.0
-1472.0
-512.0
2880.0
-960.0
2176.0
5632.0
-1280.0
-1856.0
576.0
4864.0
4928.0
2304.0
19136.0
9024.0
832.0
-3840.0
-2880.0
-704.0
1088.0
1216.0
832.0
1024.0
-4672.0
-6848.0
-8640.0
-5568.0
-3136.0
-5056.0
-4864.0
-1792.0
-2816.0
-4480.0
-4480.0
-4608.0
17536.0
12288.0
-5824.0
1344.0
8448.0
3840.0
1472.0
-1792.0
2048.0
13120.0
21888.0
-192.0
2688.0
-8320.0
-9536.0
-5696.0
-1152.0
-1984.0
-2560.0
-832.0
-640.0
6848.0
5312.0
-704.0
-9472.0
-7808.0
-2688.0
6208.0
3392.0
64.0
-2560.0
-1344.0
-9728.0
-4032.0
-960.0
-3136.0
-5504.0
-5312.0
-4032.0
-1600.0
26176.0
14912.0
-6080.0
-2560.0
-2368.0
-4800.0
-1920.0
1984.0
20480.0
8384.0
-5952.0
-8192.0
-5952.0
-4800.0
-3456.0
0.0
11008.0
-3776.0
-6336.0
1216.0
-3008.0
-1920.0
-1536.0
-4544.0
-448.0
448.0
20864.0
9728.0
-320.0
-3584.0
-7744.0
-7040.0
-3456.0
-2304.0
-3712.0
-1216.0
-832.0
-4032.0
-5504.0
12992.0
-1152.0
-8320.0
-4352.0
-4928.0
-6656.0
11136.0
18816.0
11520.0
-3008.0
-3776.0
-3200.0
128.0
1600.0
17472.0
640.0
6272.0
2176.0
-256.0
3520.0
2944.0
-10432.0
-5568.0
-3584.0
-1216.0
-1600.0
-4416.0
-25920.0
-17920.0
-7744.0
24064.0
16896.0
2048.0
-832.0
1856.0
3136.0
2048.0
6848.0
9088.0
7552.0
9600.0
64.0
832.0
2112.0
192.0
-1152.0
-2048.0
-1024.0
1664.0
-2432.0
-2432.0
-4224.0
-2880.0
-6976.0
-3968.0
-5632.0
-5440.0
-1216.0
1536.0
-3264.0
-4288.0
-4352.0
-2944.0
1472.0
5440.0
4928.0
4480.0
-832.0
-3072.0
-320.0
1472.0
896.0
128.0
-2240.0
-1984.0
1088.0
1664.0
-1280.0
2688.0
-2112.0
64.0
6656.0
-1408.0
-4352.0
-4864.0
-5952.0
5120.0
512.0
256.0
-832.0
-3072.0
-1792.0
2944.0
576.0
-2624.0
-10560.0
-7872.0
6848.0
9344.0
-7360.0
-3904.0
-2048.0
-1088.0
-1088.0
-320.0
7616.0
4736.0
-5760.0
-6400.0
-10048.0
-256.0
64.0
-3904.0
-3648.0
8832.0
-2368.0
-1536.0
-3008.0
-3008.0
-2240.0
-2112.0
-2688.0
-2304.0
-1024.0
704.0
4480.0
4736.0
4864.0
6464.0
-1664.0
-12352.0
-256.0
64.0
6656.0
-10176.0
-10496.0
4928.0
-1984.0
-4608.0
-7296.0
-11584.0
-14848.0
-6336.0
-1664.0
-2752.0
-896.0
5824.0
-4480.0
-2368.0
-3584.0
-11008.0
-9024.0
-6656.0
-4032.0
-6592.0
-10816.0
-9984.0
-4032.0
-7232.0
-24576.0
-31104.0
-22912.0
-19840.0
-11328.0
-5632.0
-10176.0
-7744.0
-4224.0
-4032.0
-4224.0
-1472.0
-2112.0
-768.0
0.0
576.0
-64.0
832.0
-448.0
19776.0
23808.0
-4288.0
-4096.0
-1920.0
-1088.0
7744.0
14784.0
8704.0
-256.0
3136.0
3392.0
10752.0
4288.0
6272.0
11392.0
7808.0
-128.0
-128.0
-1856.0
5696.0
64.0
5824.0
2560.0
8768.0
8256.0
8512.0
23616.0
-192.0
1024.0
7424.0
12992.0
19264.0
11904.0
3264.0
-960.0
-1088.0
64.0
768.0
5056.0
256.0
448.0
-4544.0
9088.0
4352.0
-3200.0
-7680.0
-12672.0
-11008.0
-10496.0
-8128.0
-4160.0
-7232.0
-14976.0
-14976.0
-11200.0
-9920.0
-4992.0
-7744.0
-8320.0
-6720.0
-5760.0
-1600.0
10944.0
9024.0
-5376.0
8000.0
3136.0
-6208.0
5760.0
16448.0
2304.0
14912.0
3200.0
1984.0
-1536.0
2624.0
3968.0
3776.0
9472.0
7936.0
7808.0
256.0
7744.0
256.0
384.0
4800.0
5824.0
8512.0
6080.0
5504.0
3456.0
9280.0
11840.0
8832.0
2688.0
2752.0
0.0
1856.0
-896.0
1344.0
7808.0
9280.0
10496.0
5760.0
6144.0
6208.0
13440.0
7424.0
6592.0
1280.0
1472.0
-320.0
1152.0
896.0
-1408.0
2240.0
6528.0
-7872.0
-4672.0
-9472.0
-4544.0
-3776.0
-6400.0
-6400.0
-5632.0
-6016.0
-5888.0
-5440.0
-6208.0
-3776.0
-1600.0
-384.0
-4416.0
-5184.0
-4864.0
-5568.0
-2624.0
-192.0
-2688.0
-832.0
-1920.0
2048.0
-576.0
-256.0
-768.0
-1024.0
-1792.0
-1408.0
-5760.0
-7360.0
-3776.0
-6976.0
-4992.0
-7104.0
-5952.0
-4864.0
-2496.0
-3072.0
-2304.0
-5760.0
-4608.0
-2368.0
-4736.0
-4736.0
4288.0
-1408.0
1472.0
-6208.0
-17664.0
-11904.0
-1984.0
7296.0
7680.0
3840.0
4736.0
-6720.0
-6272.0
-4352.0
-1600.0
-9024.0
-10112.0
-960.0
-2176.0
-8320.0
448.0
-2368.0
-5184.0
-2944.0
-3840.0
-2048.0
-128.0
-6592.0
-5312.0
-256.0
-2112.0
-3904.0
-3392.0
-1088.0
-1920.0
-2688.0
-1408.0
-832.0
-1600.0
-1472.0
-3840.0
-5184.0
64.0
-512.0
-1344.0
-64.0
0.0
-704.0
-704.0
-576.0
-512.0
-512.0
-640.0
-576.0
-1152.0
128.0
320.0
-640.0
320.0
-640.0
192.0
256.0
8000.0
23232.0
20288.0
-8512.0
576.0
4608.0
1536.0
576.0
-1472.0
256.0
1728.0
0.0
-9984.0
-3456.0
1536.0
6080.0
-15488.0
-2368.0
3712.0
-7872.0
-10560.0
-13376.0
-4288.0
-14656.0
-8960.0
-11584.0
-2112.0
-10112.0
-8704.0
-4608.0
-10880.0
-6272.0
-7104.0
-7360.0
-7744.0
-5760.0
-6656.0
-1408.0
128.0
-1216.0
-1408.0
-2432.0
-2688.0
-3200.0
-1792.0
-960.0
-2112.0
704.0
832.0
128.0
-64.0
1472.0
1600.0
3072.0
2048.0
1856.0
1152.0
1664.0
704.0
-128.0
-320.0
-2752.0
-1344.0
-832.0
-2048.0
-3264.0
-1344.0
-2368.0
-3136.0
-384.0
-896.0
-1152.0
-2304.0
-1472.0
-3072.0
-4480.0
-960.0
-2560.0
-3456.0
-832.0
-3264.0
-4864.0
-3584.0
-4032.0
-6592.0
-1984.0
-1856.0
-1920.0
-3136.0
-1856.0
-960.0
-1536.0
-1408.0
-1088.0
-2432.0
512.0
-1600.0
-128.0
7680.0
32384.0
32064.0
-10112.0
-13952.0
9152.0
13184.0
3072.0
-64.0
3136.0
-2752.0
-3200.0
10816.0
4480.0
-1856.0
768.0
-4160.0
3520.0
320.0
640.0
3520.0
-1664.0
-832.0
1472.0
2176.0
-2816.0
-3520.0
3392.0
-384.0
3008.0
-1792.0
-2560.0
-5056.0
-2432.0
-3008.0
2368.0
960.0
512.0
768.0
-1600.0
-1216.0
-1280.0
1280.0
-640.0
-896.0
64.0
-1088.0
-576.0
-448.0
-320.0
-320.0
-576.0
768.0
-256.0
-1408.0
704.0
2048.0
832.0
192.0
-384.0
1600.0
-448.0
1024.0
64.0
192.0
1152.0
1280.0
1024.0
1152.0
832.0
1536.0
832.0
512.0
3264.0
0.0
-640.0
1472.0
-1728.0
768.0
-832.0
448.0
-1216.0
-832.0
-320.0
-2240.0
0.0
-1088.0
1536.0
832.0
960.0
-512.0
-576.0
512.0
1920.0
-1536.0
2112.0
3456.0
-768.0
1984.0
-1856.0
4480.0
2880.0
5248.0
1728.0
-3200.0
1344.0
1984.0
4160.0
2112.0
6528.0
4224.0
4352.0
-5760.0
704.0
-1280.0
4224.0
5120.0
-1920.0
2048.0
1024.0
704.0
-1920.0
2560.0
-576.0
768.0
1344.0
-1408.0
-320.0
512.0
-2368.0
576.0
-1216.0
1664.0
2304.0
-512.0
320.0
-1536.0
-3328.0
-2048.0
320.0
-960.0
-1280.0
-2816.0
-1984.0
-1856.0
512.0
-3584.0
-1984.0
-896.0
-2880.0
-1472.0
-320.0
0.0
-1664.0
-3968.0
704.0
3584.0
-2368.0
-1536.0
1408.0
-3392.0
832.0
-960.0
8256.0
-320.0
-960.0
3648.0
4160.0
3904.0
-320.0
2048.0
2688.0
7424.0
2304.0
1024.0
2304.0
1024.0
3840.0
3136.0
64.0
-512.0
3392.0
128.0
4160.0
320.0
1344.0
448.0
-1664.0
-2112.0
-2752.0
-1664.0
-1088.0
2560.0
-2688.0
-2240.0
-192.0
-832.0
-2816.0
