-10048.0
-7488.0
-3520.0
8064.0
8256.0
448.0
-2432.0
-3648.0
-2624.0
-768.0
-512.0
0.0
-1344.0
-2560.0
-1920.0
-1536.0
-1088.0
-640.0
-1152.0
-448.0
896.0
6464.0
10816.0
16960.0
11200.0
7360.0
-192.0
-4224.0
-1984.0
8000.0
8384.0
7488.0
704.0
-2048.0
-3072.0
-320.0
1536.0
1280.0
-384.0
-1728.0
-1792.0
-512.0
-128.0
-2176.0
-2944.0
-1920.0
-768.0
192.0
256.0
512.0
1216.0
896.0
768.0
1088.0
1600.0
832.0
1280.0
832.0
-128.0
-1600.0
-2048.0
-3136.0
-4480.0
-5504.0
-4928.0
-2880.0
-5376.0
-7168.0
-832.0
-64.0
-4800.0
-9024.0
7104.0
5312.0
2240.0
3968.0
10368.0
11584.0
9024.0
5696.0
4032.0
3968.0
3648.0
3840.0
3456.0
3648.0
3520.0
3520.0
3392.0
3136.0
2880.0
2176.0
1344.0
448.0
192.0
-192.0
-512.0
-960.0
-1088.0
-832.0
-384.0
0.0
-320.0
-192.0
1024.0
960.0
960.0
960.0
1536.0
1216.0
1472.0
1856.0
1856.0
1728.0
1792.0
1984.0
2624.0
2368.0
1600.0
1344.0
2176.0
2816.0
1920.0
1216.0
1664.0
2816.0
1088.0
320.0
192.0
512.0
0.0
64.0
320.0
640.0
960.0
1280.0
1536.0
1408.0
2624.0
1856.0
896.0
2432.0
1536.0
832.0
704.0
1984.0
-64.0
-64.0
-320.0
1024.0
384.0
1216.0
1792.0
1984.0
2368.0
3456.0
3648.0
1792.0
1152.0
1408.0
-768.0
-768.0
-640.0
-704.0
-576.0
1088.0
640.0
640.0
2112.0
2176.0
2304.0
2368.0
3136.0
1728.0
512.0
-256.0
0.0
0.0
1216.0
1024.0
1536.0
2048.0
3072.0
3264.0
3968.0
2624.0
2496.0
1152.0
384.0
768.0
1216.0
-128.0
0.0
960.0
192.0
1856.0
2176.0
2304.0
2944.0
1216.0
448.0
1152.0
3392.0
2496.0
1664.0
1472.0
2368.0
2112.0
2944.0
1152.0
-1472.0
768.0
2432.0
832.0
2688.0
2432.0
3136.0
2112.0
384.0
1344.0
2816.0
1280.0
1280.0
-576.0
1088.0
960.0
448.0
-576.0
-1984.0
-832.0
-512.0
-1536.0
-832.0
-896.0
-128.0
2112.0
1664.0
3264.0
3136.0
4352.0
1216.0
832.0
768.0
1344.0
1088.0
2304.0
1152.0
1536.0
1344.0
384.0
384.0
-832.0
320.0
2368.0
1024.0
1728.0
1792.0
2624.0
640.0
-384.0
-1216.0
-320.0
576.0
1216.0
4224.0
4224.0
2176.0
448.0
-768.0
832.0
-256.0
-384.0
2560.0
1984.0
2496.0
3136.0
-64.0
-2432.0
448.0
64.0
3072.0
3008.0
4096.0
4352.0
2688.0
1536.0
-1408.0
192.0
1792.0
2880.0
3712.0
3200.0
-832.0
-4288.0
-1344.0
-256.0
1088.0
-1408.0
704.0
-256.0
-1088.0
-2240.0
-448.0
-768.0
192.0
832.0
2176.0
2496.0
2240.0
1088.0
3584.0
2752.0
3328.0
2112.0
2816.0
-448.0
-1024.0
1024.0
2048.0
128.0
4160.0
2176.0
-320.0
-960.0
-128.0
1280.0
2688.0
1216.0
-128.0
1280.0
0.0
128.0
192.0
1472.0
2624.0
1664.0
4288.0
2624.0
-768.0
0.0
960.0
2432.0
4608.0
5120.0
3712.0
896.0
2048.0
2240.0
1088.0
-1600.0
-896.0
-832.0
-1472.0
-1216.0
-512.0
-2240.0
-576.0
1600.0
-3968.0
-3200.0
-1856.0
-1152.0
64.0
2368.0
2624.0
-576.0
-2176.0
-1280.0
-1088.0
0.0
4544.0
4864.0
3520.0
3136.0
2880.0
832.0
704.0
832.0
-1216.0
-448.0
960.0
3840.0
2816.0
1280.0
-384.0
576.0
3392.0
1920.0
6656.0
6144.0
5888.0
-320.0
1024.0
-384.0
-256.0
3072.0
-832.0
3200.0
5504.0
384.0
704.0
-2688.0
-1792.0
512.0
3904.0
3648.0
320.0
-1280.0
-896.0
512.0
960.0
-1280.0
128.0
1536.0
1344.0
832.0
1344.0
-1856.0
-2112.0
-3136.0
-2880.0
1344.0
3008.0
1600.0
3840.0
320.0
832.0
832.0
1600.0
1152.0
1856.0
-1024.0
-1984.0
-1728.0
1088.0
1408.0
4864.0
2752.0
3840.0
1024.0
2432.0
-1408.0
-3776.0
-1472.0
3392.0
3776.0
3264.0
1216.0
-1152.0
-1536.0
-3136.0
-2176.0
-2176.0
-3776.0
-1152.0
-192.0
704.0
6464.0
5952.0
6144.0
640.0
4608.0
-960.0
-2304.0
-576.0
-2432.0
-576.0
-640.0
64.0
1536.0
2368.0
3200.0
7232.0
4032.0
7552.0
3136.0
-576.0
-1024.0
-1920.0
1280.0
-2112.0
704.0
64.0
-1984.0
-4032.0
-896.0
-4224.0
2432.0
2624.0
1280.0
512.0
-768.0
-1920.0
-2176.0
-2176.0
-1984.0
-3456.0
-768.0
576.0
448.0
1280.0
-2816.0
-1408.0
-2176.0
-3712.0
-1152.0
-2112.0
768.0
2048.0
5184.0
192.0
-128.0
704.0
-64.0
1792.0
4544.0
5312.0
5888.0
3072.0
960.0
3392.0
4672.0
4032.0
192.0
3712.0
4544.0
-576.0
-320.0
3200.0
2752.0
960.0
-1216.0
-2112.0
-1856.0
-704.0
-832.0
-3840.0
-3264.0
-2304.0
-1792.0
1152.0
-2880.0
-1152.0
-1920.0
-576.0
-1920.0
256.0
2112.0
5568.0
2432.0
3456.0
-1216.0
-512.0
1728.0
2112.0
4288.0
3776.0
3584.0
2304.0
4032.0
64.0
320.0
64.0
2112.0
1088.0
-2560.0
-2112.0
-3328.0
-2368.0
-192.0
1408.0
-1024.0
-4480.0
-3904.0
-3136.0
768.0
-1088.0
4736.0
3776.0
1920.0
-1472.0
2624.0
-384.0
3968.0
256.0
4160.0
2688.0
5376.0
-640.0
3072.0
1408.0
832.0
-2496.0
960.0
4096.0
4096.0
7808.0
-384.0
448.0
512.0
5120.0
2048.0
3968.0
1600.0
1344.0
-1408.0
-1024.0
-4992.0
-4160.0
-3712.0
-4224.0
-2880.0
320.0
-704.0
64.0
-1408.0
-3776.0
-6080.0
-5312.0
-5184.0
-2368.0
-256.0
-768.0
832.0
-192.0
4608.0
5376.0
7104.0
5184.0
5504.0
9536.0
4800.0
7232.0
5248.0
0.0
3776.0
-2240.0
1472.0
4608.0
6272.0
-3328.0
-3264.0
-1408.0
-1984.0
-2816.0
-1152.0
3200.0
-2112.0
-1088.0
704.0
64.0
-1088.0
-3392.0
-2048.0
3392.0
7872.0
2944.0
-3072.0
-3840.0
-6208.0
-4992.0
-1408.0
320.0
3008.0
5760.0
2944.0
3392.0
4992.0
2176.0
-4544.0
-5632.0
-5888.0
-1664.0
-576.0
1728.0
-256.0
-1536.0
-3200.0
-3776.0
-512.0
4288.0
5120.0
704.0
-192.0
-1408.0
960.0
-2048.0
2240.0
2560.0
9088.0
9664.0
8640.0
8832.0
4672.0
5248.0
-1920.0
896.0
-640.0
-3264.0
-2688.0
-3328.0
-3712.0
-3520.0
-3264.0
-1792.0
-768.0
4608.0
3392.0
1088.0
-3008.0
-4416.0
-3968.0
-4224.0
-3136.0
-1152.0
-3392.0
-3840.0
-7040.0
-6656.0
-5056.0
-192.0
256.0
3392.0
4224.0
2368.0
1408.0
64.0
2944.0
4224.0
6080.0
5312.0
5696.0
6592.0
2048.0
4544.0
8192.0
6720.0
9920.0
2432.0
-1472.0
-2240.0
-4416.0
-2240.0
-5504.0
-320.0
-2880.0
-3712.0
-5248.0
-2688.0
1600.0
768.0
2368.0
192.0
0.0
1536.0
2432.0
3136.0
4352.0
5184.0
5184.0
-128.0
1664.0
512.0
896.0
-1472.0
-640.0
-1472.0
-576.0
-2496.0
-5504.0
-4800.0
-4800.0
-4544.0
-3968.0
-3392.0
-4352.0
256.0
640.0
6400.0
3200.0
4352.0
-1728.0
0.0
576.0
7616.0
10688.0
-1600.0
2048.0
2048.0
6784.0
3456.0
4480.0
1920.0
7104.0
768.0
2944.0
2240.0
3072.0
2048.0
3392.0
-2432.0
-4288.0
-4160.0
-5568.0
-5056.0
-1536.0
-1216.0
-3648.0
-5568.0
-7488.0
-9664.0
-3968.0
-2752.0
1920.0
5184.0
128.0
-640.0
896.0
3712.0
8064.0
5568.0
4096.0
2816.0
4608.0
1408.0
2432.0
1920.0
2688.0
1216.0
1472.0
-5120.0
-4864.0
8960.0
4288.0
832.0
-2304.0
1408.0
2240.0
3136.0
-3904.0
896.0
4480.0
-2176.0
448.0
-192.0
-1984.0
-1344.0
384.0
1856.0
1920.0
1600.0
3328.0
1792.0
-704.0
-2048.0
-3264.0
-9728.0
-11712.0
-2496.0
-2048.0
576.0
5568.0
3520.0
-3008.0
-2048.0
-384.0
1152.0
-1024.0
448.0
-5376.0
-5824.0
-1408.0
15872.0
14144.0
2496.0
4544.0
5952.0
1600.0
2880.0
-1280.0
-2304.0
-3712.0
-576.0
3328.0
4800.0
3776.0
2048.0
-3520.0
-4288.0
-256.0
-1408.0
-1920.0
-1408.0
-1408.0
-10624.0
-6976.0
8576.0
2304.0
-5632.0
-6976.0
-2816.0
8128.0
8896.0
3136.0
1664.0
640.0
5696.0
1984.0
9536.0
11072.0
4800.0
704.0
-1856.0
-512.0
-2624.0
3712.0
2368.0
-1216.0
-3520.0
-4224.0
-576.0
-448.0
-2688.0
4032.0
1856.0
512.0
-6592.0
3328.0
3840.0
1728.0
6848.0
3456.0
-256.0
1984.0
5632.0
7680.0
0.0
1024.0
-320.0
512.0
-384.0
-8128.0
-10688.0
-6976.0
-8192.0
-8960.0
-4800.0
-1472.0
-3584.0
-4800.0
-2240.0
-1856.0
-1856.0
-640.0
15744.0
-448.0
-1792.0
7936.0
12864.0
1408.0
2752.0
7424.0
2624.0
-1664.0
-1920.0
22784.0
17408.0
5888.0
64.0
1280.0
1984.0
704.0
-512.0
-12992.0
-13120.0
-10880.0
-7616.0
-5952.0
1216.0
320.0
-4928.0
-5248.0
-1600.0
-832.0
16128.0
8064.0
896.0
2048.0
-2112.0
2240.0
-2048.0
13376.0
6400.0
5440.0
-896.0
-3520.0
-5440.0
-6784.0
-1152.0
-192.0
-1344.0
13120.0
3008.0
-4288.0
8256.0
-64.0
-6848.0
-2816.0
640.0
11456.0
6848.0
576.0
-6208.0
-5568.0
-9088.0
-1088.0
0.0
5248.0
-1024.0
-3200.0
-2688.0
-7616.0
-6336.0
-128.0
1664.0
1088.0
-384.0
384.0
-1920.0
-4096.0
-320.0
768.0
1408.0
3648.0
2368.0
2304.0
-2752.0
-1216.0
7488.0
8960.0
-2944.0
-1280.0
5184.0
1216.0
-384.0
384.0
-3904.0
1664.0
3584.0
2560.0
-1088.0
-448.0
-3200.0
-6336.0
-10240.0
-4288.0
-1792.0
-2816.0
2112.0
5824.0
4992.0
1280.0
3776.0
1088.0
512.0
-1280.0
512.0
1216.0
3008.0
4160.0
4416.0
6784.0
-256.0
-3136.0
960.0
1472.0
448.0
-7808.0
-2560.0
-2368.0
-960.0
-1024.0
0.0
-1024.0
1024.0
-1600.0
3008.0
1856.0
448.0
1024.0
4800.0
5568.0
896.0
-384.0
-64.0
-128.0
192.0
832.0
1984.0
1408.0
-512.0
-128.0
-704.0
-896.0
-16512.0
-11648.0
-4288.0
-5312.0
-1344.0
-4544.0
-9728.0
-4544.0
256.0
1088.0
2944.0
4032.0
3712.0
4736.0
5248.0
4160.0
5312.0
8448.0
8640.0
8064.0
8192.0
8704.0
11136.0
11712.0
10304.0
3264.0
-448.0
-5632.0
-9984.0
-23232.0
-16960.0
-6784.0
-6144.0
-6464.0
3008.0
1984.0
192.0
-1408.0
1856.0
-1920.0
-1216.0
2560.0
6080.0
4096.0
1280.0
640.0
-832.0
-640.0
1472.0
-384.0
-2304.0
-1088.0
-4736.0
384.0
3136.0
-1152.0
-5248.0
-5888.0
-64.0
2240.0
5696.0
8640.0
6144.0
3968.0
2112.0
4032.0
-896.0
-2496.0
-3264.0
-2752.0
-5440.0
-6272.0
-1408.0
64.0
2496.0
-192.0
-2304.0
-8512.0
-7104.0
-2048.0
3840.0
6592.0
4096.0
-5248.0
-3264.0
-7232.0
-4352.0
1408.0
-2432.0
-1536.0
3200.0
6272.0
5568.0
4352.0
1984.0
-2624.0
-256.0
3264.0
2752.0
7552.0
6208.0
-512.0
-10368.0
-12224.0
-4800.0
-1152.0
-2240.0
-2048.0
-2304.0
-256.0
-64.0
640.0
320.0
512.0
2048.0
3008.0
3200.0
5824.0
8256.0
1664.0
1856.0
1216.0
2432.0
1344.0
2432.0
-5888.0
-13696.0
-8576.0
-2880.0
896.0
-1024.0
-1152.0
384.0
5568.0
4928.0
4736.0
6656.0
4992.0
1024.0
704.0
1024.0
960.0
1024.0
2304.0
1600.0
1728.0
1920.0
768.0
768.0
1152.0
1408.0
768.0
-14336.0
-9216.0
-5248.0
-9152.0
-8064.0
-7616.0
-4224.0
-2304.0
-1216.0
2240.0
6400.0
6592.0
3392.0
6016.0
6912.0
9728.0
9728.0
10752.0
10304.0
5760.0
5696.0
4480.0
2624.0
-2560.0
-1600.0
-3968.0
-3392.0
-4096.0
-8000.0
-6528.0
-5184.0
-4544.0
-5504.0
-3712.0
-3776.0
0.0
512.0
-384.0
64.0
448.0
1088.0
704.0
-960.0
-960.0
-1088.0
128.0
1600.0
-64.0
2304.0
4160.0
1152.0
768.0
-256.0
-6272.0
-4672.0
1984.0
9024.0
10112.0
640.0
-1344.0
2496.0
-2240.0
-2432.0
-2240.0
-1664.0
-2624.0
384.0
-1344.0
-640.0
256.0
-384.0
-256.0
-896.0
-2176.0
-2432.0
-19520.0
-3008.0
-1728.0
-1408.0
2176.0
-2304.0
-320.0
3968.0
1856.0
960.0
-192.0
3520.0
3776.0
11072.0
8192.0
10944.0
2816.0
4160.0
4352.0
3136.0
-3200.0
-7104.0
-7296.0
-5440.0
-3200.0
4288.0
4864.0
-1344.0
-3392.0
2240.0
-448.0
-4480.0
192.0
2560.0
6016.0
5120.0
1536.0
2048.0
384.0
2432.0
3520.0
-4416.0
-7232.0
-7232.0
-704.0
832.0
-832.0
-8128.0
-14208.0
-12480.0
-7424.0
-4800.0
-384.0
21440.0
28992.0
-512.0
2112.0
20096.0
-896.0
-4736.0
-3072.0
-2304.0
-1280.0
320.0
1728.0
3008.0
1344.0
1408.0
-512.0
-4288.0
-11776.0
-6144.0
-6528.0
-3840.0
320.0
-2432.0
-5696.0
0.0
4096.0
-64.0
-448.0
1216.0
4992.0
2816.0
-640.0
5056.0
4096.0
16896.0
6976.0
2816.0
6208.0
6784.0
-1216.0
-1152.0
-512.0
-16896.0
-16512.0
1792.0
-1536.0
-2432.0
-6400.0
-2368.0
384.0
-4416.0
-3008.0
7168.0
11456.0
192.0
-3712.0
-3328.0
768.0
704.0
-512.0
5760.0
2048.0
1792.0
3968.0
3008.0
-1280.0
-4544.0
-1920.0
-8320.0
-8256.0
-2816.0
4096.0
15872.0
8768.0
-3008.0
-2304.0
1280.0
6528.0
2560.0
960.0
-768.0
1792.0
-4416.0
-3840.0
-4032.0
9792.0
6336.0
-7168.0
-5696.0
-5632.0
3520.0
5056.0
-2752.0
-6080.0
-10752.0
-8128.0
-4352.0
2816.0
8192.0
448.0
4160.0
4864.0
3008.0
7360.0
8640.0
3840.0
1856.0
-1664.0
6144.0
4416.0
128.0
-6720.0
-3136.0
-6144.0
-20160.0
-11008.0
-128.0
18240.0
9152.0
-1280.0
-960.0
768.0
-2432.0
-1728.0
-1280.0
-1152.0
-1024.0
-5184.0
-3648.0
-2688.0
-1728.0
-3008.0
-2752.0
-2432.0
-4160.0
-6272.0
-8256.0
-10432.0
-3264.0
-896.0
1984.0
28608.0
17856.0
-448.0
3520.0
8576.0
-1792.0
-1728.0
2688.0
960.0
3200.0
5184.0
2816.0
-640.0
-3072.0
-3136.0
-5184.0
-4672.0
-7104.0
-7360.0
2688.0
4800.0
-6336.0
-10240.0
-2304.0
4608.0
9344.0
896.0
1856.0
64.0
1024.0
-960.0
12160.0
16384.0
9024.0
320.0
448.0
-448.0
576.0
576.0
-2496.0
-2304.0
-14592.0
-832.0
25600.0
-2048.0
-10048.0
-11520.0
-6272.0
-4288.0
-640.0
-1280.0
3968.0
7616.0
-5632.0
-4096.0
-1280.0
-1216.0
-1984.0
576.0
5952.0
13888.0
-2624.0
256.0
2368.0
-2368.0
-3328.0
-7232.0
-4864.0
-8064.0
9728.0
8064.0
-4288.0
-4544.0
-3392.0
704.0
6336.0
10560.0
-1152.0
-1088.0
-1472.0
-1728.0
-448.0
-8832.0
-576.0
-832.0
2176.0
768.0
-2624.0
-3648.0
-5696.0
-8064.0
-9152.0
-15040.0
-9344.0
-5184.0
-1408.0
-192.0
1600.0
-2240.0
-7424.0
-12416.0
-2688.0
-2560.0
-15296.0
-12672.0
-7168.0
-17408.0
-19584.0
-15424.0
-12992.0
-23232.0
-10624.0
-8000.0
-11200.0
-13632.0
-8832.0
-6144.0
-6400.0
-6976.0
-4416.0
-3840.0
-4032.0
-3264.0
-4032.0
-3392.0
-1920.0
-1280.0
20800.0
7936.0
-768.0
960.0
1280.0
-1280.0
11264.0
9280.0
768.0
2688.0
14784.0
11584.0
10688.0
11776.0
4928.0
-1216.0
1280.0
12608.0
1920.0
2752.0
12416.0
16704.0
2560.0
448.0
3776.0
-896.0
2240.0
15936.0
11712.0
6976.0
4416.0
3520.0
3968.0
-4096.0
-320.0
8064.0
9152.0
3072.0
1344.0
8768.0
-384.0
320.0
4672.0
14784.0
6592.0
1536.0
8448.0
3008.0
320.0
2432.0
0.0
-11008.0
-12544.0
-11776.0
-8320.0
-10304.0
-9344.0
-12992.0
-13888.0
-6464.0
-7168.0
-6272.0
-512.0
-7424.0
-12160.0
-4608.0
-1728.0
-192.0
4288.0
-1984.0
-1152.0
7104.0
-4864.0
-1856.0
1920.0
768.0
832.0
1600.0
2368.0
3520.0
6272.0
6272.0
9024.0
1920.0
704.0
4352.0
5568.0
5888.0
4416.0
4288.0
2496.0
128.0
2752.0
12352.0
2432.0
384.0
3776.0
9472.0
9984.0
5824.0
448.0
1792.0
-64.0
-320.0
-448.0
2752.0
4800.0
11904.0
8128.0
12032.0
5632.0
11392.0
13056.0
15552.0
1536.0
-3584.0
-896.0
-5952.0
-3264.0
4160.0
3200.0
832.0
-1984.0
-2752.0
2688.0
2944.0
6400.0
-6784.0
2944.0
-8320.0
-2560.0
-3264.0
-768.0
-8704.0
-7808.0
-3904.0
-1664.0
-3584.0
-896.0
-2432.0
-1600.0
-4352.0
-5568.0
-6080.0
1344.0
1152.0
4352.0
-3392.0
-2752.0
-3584.0
-64.0
1664.0
-4672.0
-4096.0
-6272.0
-6720.0
-7616.0
-10048.0
-9024.0
-11072.0
-10496.0
-12032.0
-11584.0
-9536.0
-6784.0
-4608.0
-3456.0
-3264.0
-3200.0
-512.0
-2304.0
3584.0
12928.0
-7488.0
-12416.0
-14144.0
4096.0
0.0
-11264.0
7296.0
-1152.0
-9088.0
7296.0
-4352.0
-4864.0
-1152.0
5632.0
64.0
-1664.0
-1216.0
-4544.0
-2048.0
-2560.0
-3072.0
-3712.0
-4992.0
-4160.0
-2240.0
-1856.0
-1536.0
-512.0
-1984.0
-2048.0
-3456.0
-3904.0
-1856.0
-704.0
-1344.0
-1152.0
-1152.0
-1024.0
-3328.0
-2624.0
-1408.0
-1216.0
-1728.0
-2176.0
-2624.0
-1472.0
-256.0
-832.0
-1536.0
-1472.0
-1216.0
-768.0
0.0
-768.0
640.0
1536.0
1408.0
1088.0
1984.0
384.0
2304.0
1344.0
2304.0
1856.0
1216.0
1728.0
2176.0
768.0
2048.0
128.0
64.0
-1344.0
1280.0
1024.0
-384.0
-1792.0
-6912.0
-6720.0
-3968.0
-5952.0
-7488.0
-6016.0
-3584.0
-8064.0
-4288.0
-4800.0
-7808.0
-11904.0
-3712.0
-3584.0
-1664.0
-6784.0
-6400.0
-7424.0
-5248.0
-3072.0
-2240.0
-4224.0
-2368.0
-5248.0
-5376.0
-960.0
192.0
-4032.0
-3072.0
-2752.0
-576.0
576.0
1152.0
-1088.0
-1792.0
-192.0
1024.0
-128.0
192.0
-448.0
768.0
-448.0
128.0
1664.0
1600.0
1856.0
896.0
-128.0
1664.0
1408.0
960.0
448.0
896.0
1792.0
-640.0
64.0
320.0
1024.0
-2176.0
-256.0
-448.0
-128.0
-2368.0
-3008.0
-1408.0
-2432.0
-4736.0
-1984.0
-2240.0
-6016.0
-4032.0
-4672.0
-5824.0
-4672.0
-4672.0
-4480.0
-4480.0
-768.0
-64.0
64.0
1408.0
-256.0
896.0
768.0
960.0
2176.0
2688.0
2816.0
2624.0
3776.0
3840.0
3136.0
2752.0
3328.0
4608.0
9152.0
19648.0
31872.0
9920.0
-5056.0
6400.0
11072.0
-4608.0
512.0
7616.0
-4672.0
1152.0
-320.0
3072.0
4416.0
-1920.0
256.0
64.0
-768.0
-832.0
-448.0
-3712.0
-1024.0
-4288.0
-3328.0
-2432.0
-896.0
-3200.0
-2496.0
-1088.0
-512.0
384.0
-3392.0
-1024.0
-4224.0
-4864.0
-1216.0
-768.0
-2368.0
-192.0
-384.0
-1216.0
-1216.0
896.0
192.0
-1216.0
2048.0
1344.0
-1344.0
-448.0
832.0
2176.0
1984.0
1344.0
3072.0
1664.0
2624.0
2688.0
192.0
128.0
128.0
2304.0
3136.0
1472.0
2816.0
3584.0
1344.0
2944.0
1536.0
896.0
-1408.0
1600.0
1792.0
2432.0
2752.0
-512.0
1152.0
640.0
2944.0
1280.0
64.0
-1408.0
-2880.0
2048.0
512.0
2048.0
-64.0
-1984.0
-960.0
64.0
-2048.0
-192.0
-256.0
2880.0
-768.0
-2752.0
-448.0
576.0
-1216.0
3456.0
0.0
1920.0
-1856.0
-2048.0
960.0
1344.0
384.0
-2304.0
64.0
-576.0
1408.0
1088.0
-2496.0
-960.0
64.0
1728.0
0.0
-576.0
-576.0
1472.0
704.0
2496.0
1216.0
576.0
-1472.0
2112.0
4032.0
-640.0
512.0
192.0
384.0
4800.0
1088.0
448.0
3008.0
1600.0
-1024.0
-1088.0
1536.0
128.0
4160.0
2304.0
1600.0
704.0
-576.0
-128.0
1728.0
640.0
-3200.0
-1472.0
-1472.0
-128.0
1600.0
-1344.0
-3136.0
704.0
64.0
-1920.0
-1216.0
-1792.0
-1792.0
-512.0
-896.0
128.0
-1664.0
-2112.0
3328.0
0.0
-768.0
-1472.0
2880.0
2112.0
-3904.0
-2112.0
1984.0
3776.0
4992.0
0.0
2112.0
-1728.0
