-64.0
-960.0
5568.0
8064.0
-896.0
-2304.0
-3648.0
-3392.0
-384.0
768.0
-2752.0
-1920.0
-1088.0
-704.0
64.0
-1344.0
-896.0
1536.0
1536.0
4224.0
11584.0
8768.0
4416.0
2688.0
5568.0
5888.0
5248.0
6528.0
4224.0
3648.0
3840.0
4032.0
2368.0
128.0
-64.0
256.0
-960.0
-1728.0
-1984.0
-256.0
-704.0
-1344.0
-1088.0
-448.0
-64.0
64.0
-576.0
512.0
512.0
640.0
1152.0
320.0
-384.0
512.0
832.0
1408.0
1152.0
256.0
-448.0
-64.0
-2496.0
-1792.0
-320.0
2304.0
1472.0
1792.0
1728.0
576.0
-2560.0
-1792.0
-512.0
2240.0
2752.0
3200.0
3584.0
3200.0
2176.0
1920.0
1920.0
2624.0
2944.0
3840.0
4032.0
3200.0
1472.0
1216.0
1600.0
640.0
768.0
-128.0
-768.0
-1152.0
-640.0
-832.0
-256.0
192.0
-512.0
-704.0
1536.0
2688.0
2560.0
3648.0
1984.0
1216.0
2176.0
3136.0
2816.0
832.0
1856.0
3072.0
3904.0
1280.0
320.0
1536.0
1984.0
1408.0
-576.0
-704.0
-256.0
3840.0
1984.0
384.0
3392.0
3200.0
1984.0
0.0
-576.0
1024.0
2880.0
4416.0
-128.0
-960.0
2624.0
2240.0
-1024.0
-384.0
1536.0
2240.0
384.0
-1600.0
2688.0
3264.0
2816.0
512.0
1472.0
3840.0
3200.0
64.0
832.0
3392.0
896.0
-384.0
1472.0
1728.0
-640.0
512.0
3008.0
3200.0
384.0
4160.0
4864.0
-640.0
256.0
1088.0
1792.0
-1920.0
-1344.0
1088.0
-1216.0
2048.0
2112.0
3392.0
2560.0
3136.0
3328.0
-128.0
2048.0
2560.0
-192.0
-576.0
1664.0
-640.0
2176.0
1280.0
448.0
2944.0
2688.0
3712.0
3392.0
3904.0
576.0
576.0
-448.0
1280.0
2368.0
2688.0
1024.0
-640.0
64.0
704.0
1344.0
128.0
-128.0
-2112.0
2432.0
2176.0
2944.0
3392.0
3136.0
3072.0
3136.0
1024.0
-960.0
-1664.0
-3008.0
1408.0
2048.0
256.0
-960.0
2944.0
3520.0
2560.0
1664.0
-2368.0
-3200.0
640.0
1920.0
1344.0
2688.0
2368.0
5760.0
4032.0
2176.0
-1152.0
-2112.0
1344.0
704.0
640.0
0.0
1472.0
896.0
-704.0
256.0
-1472.0
1600.0
1984.0
2816.0
2176.0
3712.0
5376.0
4288.0
1536.0
1856.0
896.0
128.0
-704.0
1408.0
2368.0
3392.0
3264.0
-512.0
576.0
-832.0
960.0
192.0
1664.0
4672.0
5376.0
-1920.0
0.0
1024.0
2880.0
1472.0
2240.0
320.0
-1216.0
1088.0
1472.0
832.0
192.0
512.0
-128.0
2304.0
-1088.0
-576.0
-448.0
-576.0
576.0
2304.0
1216.0
832.0
128.0
-192.0
-320.0
-640.0
576.0
1536.0
-896.0
1792.0
2176.0
896.0
2816.0
256.0
1088.0
1408.0
64.0
2176.0
2880.0
-1152.0
-1600.0
-3200.0
-512.0
-768.0
4032.0
4416.0
2560.0
-1792.0
0.0
640.0
576.0
2880.0
4928.0
4608.0
2304.0
-1024.0
-704.0
1920.0
2880.0
2816.0
4032.0
1792.0
-512.0
832.0
1856.0
3264.0
5056.0
4288.0
-1344.0
-1600.0
-2240.0
192.0
0.0
0.0
-192.0
2432.0
-2304.0
-320.0
-2688.0
-2880.0
512.0
4288.0
-768.0
3328.0
2048.0
512.0
1216.0
3328.0
3200.0
-2176.0
-896.0
-1856.0
896.0
6784.0
1600.0
256.0
-1280.0
-832.0
-960.0
3840.0
2624.0
3968.0
1408.0
-640.0
2496.0
1472.0
-1344.0
-832.0
1920.0
1600.0
2176.0
3200.0
7680.0
3968.0
-128.0
1344.0
320.0
-2048.0
1024.0
-1664.0
-2304.0
-3328.0
-4288.0
-2816.0
128.0
3200.0
4928.0
192.0
-2560.0
-4672.0
-2880.0
-640.0
256.0
256.0
-1472.0
704.0
512.0
2368.0
4672.0
3264.0
-1856.0
64.0
64.0
-832.0
1472.0
2944.0
1344.0
1472.0
1472.0
2816.0
3136.0
1152.0
1920.0
896.0
2432.0
3008.0
2368.0
-832.0
1856.0
4800.0
4544.0
5952.0
1600.0
-1600.0
6464.0
2880.0
1920.0
0.0
704.0
704.0
1920.0
-256.0
-384.0
192.0
-1344.0
-1344.0
-384.0
-1728.0
-2752.0
-3008.0
1088.0
320.0
-1216.0
-2432.0
-192.0
-768.0
-2048.0
-3520.0
256.0
1536.0
5184.0
6080.0
3648.0
3840.0
-832.0
576.0
-3392.0
-448.0
576.0
3008.0
5184.0
7040.0
6144.0
6912.0
2624.0
-3328.0
2624.0
-1984.0
-1728.0
-2368.0
-4864.0
-2816.0
-1408.0
-64.0
-2048.0
832.0
-832.0
64.0
-1216.0
1088.0
6528.0
8576.0
8960.0
4352.0
512.0
1152.0
-960.0
576.0
1920.0
2176.0
960.0
2560.0
320.0
-960.0
2752.0
-960.0
3840.0
3136.0
0.0
-192.0
-1344.0
-64.0
3264.0
2304.0
-832.0
320.0
-1152.0
-576.0
-1920.0
-448.0
-384.0
192.0
3136.0
1472.0
2240.0
832.0
1728.0
-2688.0
-3136.0
-5248.0
-5568.0
-4032.0
1088.0
-3328.0
-2112.0
1280.0
-960.0
-2240.0
-3904.0
-1408.0
-2176.0
3008.0
5248.0
1408.0
640.0
2048.0
4672.0
5056.0
5440.0
2816.0
4800.0
2752.0
3968.0
512.0
4288.0
1600.0
6144.0
6784.0
4416.0
4864.0
-576.0
384.0
-3200.0
-1536.0
-2944.0
-2048.0
-128.0
-576.0
-640.0
2112.0
-448.0
-3200.0
-3712.0
-384.0
1536.0
-1664.0
1664.0
-384.0
3328.0
1920.0
64.0
192.0
192.0
3008.0
-384.0
2048.0
768.0
192.0
1920.0
1024.0
1600.0
3072.0
-1408.0
-1472.0
-2432.0
-3200.0
-320.0
1216.0
5760.0
960.0
-3520.0
-1664.0
-2112.0
1344.0
-2496.0
1664.0
5824.0
4544.0
-576.0
-576.0
1600.0
1472.0
1280.0
4608.0
3392.0
4096.0
3328.0
3584.0
2688.0
2240.0
2560.0
1024.0
512.0
5696.0
5888.0
4224.0
-1152.0
3136.0
1408.0
-384.0
576.0
-1088.0
512.0
-2368.0
-4352.0
-4800.0
-5888.0
-6016.0
-3776.0
-3840.0
-3456.0
-1728.0
-4608.0
-3072.0
-5632.0
-1536.0
-1600.0
512.0
1088.0
1088.0
1600.0
2048.0
2432.0
2304.0
5120.0
3200.0
3968.0
5056.0
4032.0
1344.0
896.0
1216.0
2240.0
1216.0
3136.0
8704.0
3072.0
-704.0
7040.0
256.0
0.0
-5760.0
-2112.0
-1088.0
-2624.0
-1856.0
-3072.0
1984.0
1280.0
384.0
0.0
-832.0
4032.0
768.0
704.0
-2176.0
-4480.0
-3456.0
-1088.0
-320.0
4608.0
5248.0
3520.0
768.0
1152.0
1536.0
-2816.0
-4224.0
-3904.0
-4928.0
-3200.0
-3968.0
-1024.0
1856.0
1600.0
-256.0
1344.0
3200.0
5376.0
896.0
4672.0
4672.0
960.0
-1088.0
6400.0
4096.0
5120.0
7872.0
8512.0
-640.0
3008.0
-256.0
-1472.0
-1408.0
-3776.0
-1408.0
-3200.0
192.0
896.0
448.0
-768.0
-2432.0
-2688.0
256.0
-64.0
1024.0
704.0
-3648.0
-3136.0
-2752.0
-704.0
-2880.0
-1664.0
-4096.0
-4288.0
256.0
1088.0
448.0
-1408.0
-1152.0
3776.0
6080.0
1856.0
4160.0
1728.0
5888.0
3200.0
7424.0
5632.0
6272.0
4096.0
1088.0
5952.0
8512.0
-384.0
-2688.0
-1600.0
-3648.0
-256.0
-1152.0
2048.0
704.0
-4800.0
-320.0
-6400.0
-896.0
256.0
384.0
1088.0
-512.0
640.0
1024.0
3072.0
2048.0
2112.0
3328.0
2240.0
-2048.0
-576.0
-1600.0
2496.0
320.0
-2496.0
-2560.0
-4032.0
-3712.0
-3136.0
-4096.0
384.0
-640.0
-704.0
4480.0
3264.0
3584.0
-4224.0
4096.0
2816.0
832.0
2368.0
448.0
192.0
6272.0
7296.0
5824.0
2880.0
1664.0
320.0
1920.0
2816.0
9024.0
1984.0
-256.0
-1024.0
-2368.0
-3648.0
-4672.0
-4544.0
-4416.0
-2240.0
-1792.0
-1600.0
-4800.0
-6464.0
-3840.0
-4288.0
-3072.0
-1600.0
-1344.0
-1728.0
1536.0
5056.0
9088.0
6656.0
4992.0
1024.0
2368.0
2624.0
2496.0
2176.0
-448.0
64.0
832.0
13376.0
6208.0
6784.0
2880.0
1408.0
-3456.0
-7744.0
-3904.0
-3840.0
-2432.0
-4736.0
10752.0
2624.0
128.0
-8704.0
-8576.0
384.0
1856.0
9344.0
3712.0
3200.0
3968.0
64.0
-5056.0
-6080.0
-4416.0
-1856.0
-6784.0
-9920.0
-1856.0
-1600.0
-2176.0
6912.0
6144.0
128.0
-896.0
512.0
3072.0
3904.0
64.0
-832.0
2688.0
5376.0
7040.0
1088.0
3968.0
6848.0
9152.0
6912.0
2304.0
-1344.0
-11072.0
-8704.0
-640.0
8064.0
11584.0
-2176.0
-10560.0
-9088.0
-7168.0
-1408.0
2944.0
6080.0
-6528.0
-12608.0
-4352.0
2304.0
6464.0
5824.0
-1216.0
-3904.0
-2752.0
512.0
2240.0
896.0
1216.0
1472.0
2816.0
5632.0
6144.0
3456.0
-3328.0
2112.0
4736.0
64.0
-2240.0
-1472.0
192.0
1408.0
-6144.0
-1920.0
-1472.0
1664.0
-4352.0
7744.0
-4352.0
-384.0
64.0
-1984.0
-64.0
2752.0
-320.0
1792.0
5632.0
1152.0
-2304.0
640.0
-1472.0
1344.0
-128.0
-704.0
-6464.0
-4800.0
-5376.0
-4800.0
-4480.0
-2496.0
-5120.0
-1088.0
64.0
-704.0
-448.0
576.0
-2240.0
-3712.0
-832.0
-320.0
384.0
16768.0
7488.0
10688.0
9536.0
4096.0
2624.0
2624.0
3904.0
4096.0
1664.0
2432.0
-2112.0
-4096.0
-4288.0
-6464.0
-12480.0
-7488.0
-2688.0
-4224.0
832.0
-1088.0
-2368.0
576.0
256.0
1216.0
1408.0
2432.0
3904.0
8448.0
5440.0
5120.0
1408.0
-512.0
-2176.0
256.0
0.0
128.0
-2048.0
4864.0
5248.0
9536.0
640.0
-1984.0
-5248.0
-7232.0
-3648.0
2560.0
1856.0
2112.0
3136.0
768.0
6272.0
17408.0
7424.0
-4160.0
1536.0
512.0
896.0
-448.0
-1792.0
-5824.0
-6016.0
-5952.0
-7168.0
-6528.0
-2048.0
-448.0
-1536.0
576.0
-896.0
-960.0
-896.0
128.0
448.0
1344.0
2176.0
576.0
6016.0
10880.0
6976.0
11136.0
4736.0
-5568.0
-4096.0
-1344.0
3328.0
3648.0
-512.0
-4736.0
-3072.0
-448.0
2880.0
6848.0
-2816.0
-5632.0
-6976.0
-9280.0
1088.0
1920.0
-256.0
448.0
3904.0
-512.0
0.0
1984.0
2432.0
2944.0
2688.0
3648.0
4544.0
4672.0
1216.0
1536.0
-3072.0
-2560.0
-1728.0
128.0
-4096.0
-5504.0
-4160.0
-4032.0
-7040.0
-4224.0
-2688.0
5824.0
12480.0
10752.0
3840.0
-576.0
-896.0
-1472.0
4480.0
320.0
320.0
576.0
-320.0
320.0
1024.0
1152.0
448.0
-2432.0
-9664.0
-9408.0
-6592.0
-4416.0
-2368.0
-448.0
-1856.0
-2304.0
-2816.0
-3200.0
-640.0
1216.0
2176.0
3328.0
3264.0
9024.0
6656.0
2688.0
2688.0
6080.0
8640.0
8064.0
6848.0
2048.0
960.0
-1280.0
-6976.0
-8256.0
-9408.0
-10112.0
-10112.0
-2816.0
-2304.0
-2560.0
-2048.0
-2368.0
1600.0
2112.0
5120.0
3904.0
4032.0
960.0
1280.0
640.0
-1920.0
-1408.0
704.0
-1600.0
-2688.0
704.0
1856.0
-2624.0
1344.0
1280.0
64.0
-2496.0
-9536.0
-4864.0
-5696.0
512.0
7168.0
15488.0
12736.0
5248.0
8320.0
2368.0
2880.0
1344.0
-1600.0
-1280.0
-2624.0
-3712.0
-3328.0
-1344.0
-2240.0
-5248.0
-6656.0
-7616.0
-3904.0
-1280.0
-2624.0
-1088.0
-1664.0
-704.0
1344.0
4096.0
2752.0
1856.0
1408.0
576.0
192.0
1472.0
-4416.0
-5632.0
9344.0
20736.0
-384.0
2048.0
8512.0
1344.0
-7296.0
-3008.0
-7552.0
-5760.0
-256.0
5312.0
-4416.0
-6848.0
3008.0
9792.0
1152.0
-896.0
-512.0
-448.0
384.0
768.0
1600.0
1088.0
960.0
6528.0
5888.0
-1856.0
-2816.0
-8000.0
-5824.0
-9600.0
-5056.0
-3264.0
-3776.0
6080.0
18368.0
14848.0
-1152.0
-384.0
10048.0
-448.0
-1920.0
-1600.0
2240.0
4736.0
-896.0
-128.0
576.0
192.0
-704.0
-2368.0
-704.0
-3328.0
-5696.0
-4288.0
-5888.0
-1984.0
-2112.0
-2048.0
2048.0
10048.0
-10880.0
-8704.0
2368.0
128.0
-384.0
-960.0
1792.0
6080.0
3968.0
11904.0
6016.0
11584.0
3584.0
896.0
512.0
-1792.0
3520.0
960.0
-3520.0
-6592.0
-13376.0
-4864.0
-1728.0
-4032.0
4096.0
11520.0
1280.0
2624.0
5440.0
-1536.0
-5632.0
-3840.0
576.0
2176.0
5056.0
-2688.0
-832.0
-4544.0
-10688.0
-1280.0
256.0
-640.0
5056.0
13824.0
3584.0
-640.0
-1984.0
-9664.0
-10944.0
-5184.0
-512.0
12544.0
31360.0
-9920.0
-11648.0
13376.0
17984.0
704.0
-1344.0
-3200.0
128.0
-2176.0
-9792.0
-2048.0
704.0
-1152.0
-8768.0
-4672.0
-2304.0
-64.0
768.0
-2112.0
-768.0
-1408.0
-1408.0
-1728.0
-1792.0
-704.0
-1344.0
-2240.0
-320.0
1664.0
10880.0
12736.0
4928.0
-5376.0
-1920.0
9856.0
5120.0
3008.0
-5760.0
-6656.0
-7296.0
3072.0
5888.0
-9856.0
-5824.0
-4032.0
9600.0
10304.0
1088.0
-1472.0
-768.0
10112.0
6400.0
1472.0
-1664.0
320.0
1472.0
-192.0
-320.0
-1728.0
-832.0
-512.0
-320.0
-5888.0
-12416.0
-8832.0
-2176.0
-4288.0
-4480.0
7424.0
19520.0
4288.0
-3136.0
7872.0
7936.0
-3072.0
-2624.0
832.0
832.0
-576.0
-1920.0
-832.0
64.0
2880.0
4288.0
4480.0
3456.0
3776.0
-448.0
-6528.0
-7168.0
-6720.0
-5632.0
-8576.0
-9344.0
-8256.0
-5568.0
-2496.0
3136.0
6400.0
5120.0
8896.0
960.0
-704.0
-1536.0
-704.0
640.0
8768.0
9344.0
11520.0
1344.0
-2432.0
-6016.0
-2880.0
-4160.0
-8000.0
-1536.0
-2688.0
27200.0
4992.0
-8896.0
-9600.0
-4160.0
7488.0
7040.0
5184.0
-320.0
-1600.0
-1856.0
-256.0
960.0
1920.0
-256.0
5184.0
7936.0
5888.0
-64.0
-1792.0
-6272.0
-7808.0
-3968.0
-1600.0
30080.0
12800.0
-8512.0
-13568.0
-7296.0
14976.0
8768.0
-4352.0
-2816.0
-1856.0
-1536.0
-1600.0
1216.0
1024.0
512.0
1216.0
256.0
512.0
-832.0
-768.0
1024.0
-5184.0
-1536.0
-2432.0
-2752.0
-5184.0
-3968.0
-2816.0
-4736.0
384.0
17984.0
20416.0
-3200.0
-9408.0
2048.0
3136.0
5504.0
-3392.0
-384.0
-1472.0
-14720.0
-9152.0
1088.0
3712.0
7744.0
14016.0
4992.0
4288.0
3200.0
1664.0
896.0
1344.0
-2944.0
-256.0
1984.0
-320.0
3200.0
-1984.0
-3072.0
-7040.0
-8640.0
-3712.0
-1984.0
-2624.0
3584.0
4928.0
-5824.0
-5952.0
1472.0
11968.0
4160.0
3136.0
-256.0
-5184.0
-192.0
1344.0
3840.0
6656.0
1600.0
-768.0
-3008.0
-1792.0
-1856.0
-768.0
128.0
1600.0
1088.0
704.0
3968.0
1216.0
-9344.0
-12928.0
-14208.0
-4096.0
-3136.0
-2880.0
8448.0
8000.0
3840.0
2368.0
64.0
-1280.0
-512.0
-1472.0
-192.0
6528.0
1664.0
-1344.0
-1152.0
-3968.0
-5312.0
-6528.0
-3264.0
-2688.0
13888.0
20928.0
-4224.0
-5824.0
-5056.0
-4736.0
-2304.0
1792.0
18496.0
640.0
-2112.0
-4416.0
-6336.0
-3648.0
-1344.0
-3648.0
4224.0
6144.0
10944.0
11072.0
192.0
-5632.0
-10432.0
-11648.0
-11008.0
576.0
-3328.0
-5568.0
-6720.0
-5184.0
-1152.0
27776.0
-64.0
-1472.0
-3264.0
-960.0
-768.0
-1984.0
-1152.0
-1408.0
192.0
-2176.0
-2752.0
-4160.0
-5248.0
-4032.0
-2752.0
-4480.0
-6528.0
-10624.0
-11392.0
-13568.0
-14144.0
-14400.0
-16000.0
-12608.0
-14464.0
-12288.0
-11712.0
-9664.0
-15872.0
-17920.0
-18560.0
-11264.0
-5056.0
-5632.0
-7744.0
-6656.0
-7040.0
-5824.0
-6656.0
-5824.0
-5248.0
-5440.0
-4416.0
21504.0
16576.0
1600.0
320.0
2560.0
0.0
3264.0
6656.0
9664.0
3456.0
3008.0
-576.0
-64.0
4416.0
3584.0
2688.0
640.0
2560.0
6016.0
12928.0
8000.0
7552.0
8192.0
10112.0
-2112.0
-2368.0
19072.0
6400.0
192.0
7296.0
12224.0
-1984.0
-1664.0
6400.0
6016.0
10304.0
9728.0
10240.0
5504.0
5056.0
5568.0
7104.0
-2048.0
-3200.0
-2880.0
5632.0
6784.0
2752.0
6720.0
7936.0
-960.0
6528.0
22656.0
11456.0
2240.0
9856.0
8832.0
8576.0
-320.0
-4224.0
-5824.0
-2240.0
-3136.0
1216.0
5120.0
-3200.0
-14656.0
-8448.0
-1216.0
13248.0
-7552.0
-17088.0
-7808.0
-3328.0
5440.0
6208.0
2944.0
-2752.0
-6080.0
-3136.0
-3840.0
-2432.0
-448.0
-1856.0
-2560.0
-960.0
2112.0
3328.0
9280.0
5184.0
-2304.0
-4352.0
-2304.0
4800.0
5824.0
20352.0
2432.0
3584.0
512.0
-3904.0
-704.0
-1280.0
-1536.0
-1728.0
-192.0
3072.0
6848.0
5696.0
448.0
-1152.0
-1856.0
-2240.0
12416.0
15680.0
10240.0
1536.0
2496.0
4608.0
4288.0
1024.0
5184.0
768.0
-4864.0
-7232.0
-6272.0
8448.0
8704.0
5888.0
-3136.0
3904.0
2112.0
10688.0
18112.0
-1216.0
-5952.0
3520.0
2944.0
1216.0
-4224.0
3072.0
384.0
-5056.0
-5632.0
-4608.0
0.0
64.0
-3648.0
-4096.0
-4096.0
-11392.0
-10432.0
-16448.0
-13184.0
-13888.0
-7552.0
-8064.0
-7744.0
-9344.0
-8576.0
-10304.0
-4096.0
7232.0
-4352.0
-13632.0
-832.0
512.0
14400.0
-320.0
-3904.0
-5888.0
-11712.0
-6720.0
-6336.0
-3648.0
-5888.0
3200.0
-4736.0
-4224.0
-4800.0
-768.0
2816.0
-1728.0
448.0
-6720.0
-3840.0
-2688.0
-3840.0
-4032.0
-5760.0
-1664.0
-2944.0
-2368.0
-1728.0
-1024.0
-192.0
-512.0
-3520.0
-1728.0
-256.0
-192.0
-704.0
-4480.0
-3136.0
-2752.0
-4608.0
-2240.0
-1152.0
-2432.0
-512.0
-320.0
-1664.0
-1408.0
-768.0
-960.0
-1472.0
-2112.0
-1024.0
-1472.0
-448.0
-1344.0
-1344.0
-1024.0
-1152.0
-1088.0
-768.0
-1728.0
-1600.0
-1408.0
-2368.0
-4736.0
-2560.0
-2048.0
-3776.0
-704.0
-1408.0
-4800.0
-1216.0
-1344.0
-1344.0
17024.0
32384.0
15680.0
-11584.0
-1792.0
-4800.0
3712.0
-2816.0
-320.0
2112.0
-5504.0
-3776.0
-4544.0
3392.0
-8192.0
-8576.0
-4864.0
-1664.0
2688.0
-5248.0
-3456.0
-6272.0
-3392.0
-1344.0
-1984.0
640.0
1344.0
-1408.0
-448.0
320.0
-704.0
-576.0
-64.0
-576.0
-320.0
-256.0
512.0
1344.0
192.0
1856.0
0.0
-1152.0
-1280.0
-1152.0
-2880.0
-1536.0
-1536.0
-896.0
-3072.0
-2048.0
-1216.0
-3072.0
-3008.0
-1984.0
-1536.0
-3072.0
-2112.0
-1472.0
-2304.0
-896.0
-1216.0
-1600.0
-2496.0
-1984.0
-3264.0
-2432.0
-2432.0
-4992.0
-4352.0
-2880.0
-3840.0
-3136.0
-5824.0
-5376.0
-5696.0
-4224.0
-4608.0
-1600.0
-1536.0
-3264.0
-2240.0
1664.0
-192.0
-3712.0
-1600.0
-320.0
-3840.0
-2112.0
-640.0
5376.0
32384.0
14592.0
-9856.0
-2880.0
5568.0
12672.0
2240.0
-6784.0
3136.0
8384.0
2816.0
7680.0
6016.0
1664.0
-192.0
640.0
3520.0
-128.0
0.0
-1280.0
-1856.0
-2368.0
-2816.0
-2624.0
-896.0
-1984.0
-320.0
-2304.0
-1472.0
-1920.0
-4224.0
-3840.0
-4096.0
-2752.0
-3136.0
-1152.0
-768.0
576.0
-1856.0
-896.0
-1664.0
-1280.0
-832.0
-448.0
0.0
256.0
1472.0
960.0
1088.0
2112.0
1280.0
1728.0
576.0
832.0
640.0
2816.0
1408.0
896.0
960.0
1728.0
768.0
1856.0
1792.0
1792.0
2688.0
1408.0
1216.0
576.0
512.0
-704.0
-1472.0
1152.0
1152.0
-704.0
-1472.0
-3136.0
-320.0
-448.0
-832.0
-5248.0
-3520.0
-2688.0
-1536.0
-1216.0
-1088.0
-64.0
1728.0
-192.0
-1792.0
-3712.0
-384.0
640.0
-320.0
768.0
1664.0
6464.0
448.0
-960.0
-512.0
1984.0
6720.0
-960.0
2304.0
4288.0
-1280.0
5056.0
6272.0
2880.0
-4672.0
-3904.0
6208.0
8448.0
-2112.0
-320.0
1152.0
640.0
256.0
704.0
448.0
-1536.0
-832.0
-1536.0
128.0
1024.0
-320.0
256.0
-1216.0
64.0
-1280.0
-2048.0
-2176.0
-1600.0
-2880.0
-2496.0
0.0
-1152.0
-2624.0
-1984.0
-704.0
-3584.0
-768.0
-960.0
-640.0
1280.0
704.0
-256.0
128.0
-1984.0
-448.0
640.0
3392.0
1600.0
1664.0
4544.0
64.0
0.0
-64.0
1344.0
4992.0
2560.0
6144.0
1856.0
3072.0
-192.0
-576.0
-320.0
256.0
1408.0
3200.0
2048.0
2560.0
64.0
-1408.0
2944.0
-2624.0
-2432.0
-2240.0
-1792.0
3200.0
2048.0
-1600.0
-3008.0
-2432.0
-1024.0
-896.0
-3072.0
-1472.0
-2304.0
