-9024.0
-10496.0
-704.0
4736.0
6656.0
2496.0
-1728.0
-6912.0
-6400.0
-2816.0
-1728.0
-192.0
576.0
0.0
-320.0
2112.0
3648.0
4608.0
3520.0
2560.0
2688.0
6208.0
9472.0
11008.0
4992.0
-4416.0
-1472.0
3648.0
4864.0
3776.0
2688.0
64.0
-1344.0
-640.0
-384.0
-512.0
-1792.0
-1536.0
-640.0
768.0
1280.0
1728.0
1408.0
1280.0
896.0
896.0
1024.0
-192.0
0.0
896.0
2048.0
2560.0
384.0
-1344.0
-2624.0
4864.0
3328.0
-1024.0
-3520.0
-6016.0
-4032.0
-1600.0
1856.0
4032.0
2880.0
128.0
256.0
-1088.0
640.0
2048.0
2368.0
640.0
960.0
-256.0
-960.0
-2048.0
2112.0
3968.0
4992.0
6080.0
6464.0
4160.0
3008.0
2560.0
1472.0
1216.0
960.0
1024.0
832.0
768.0
704.0
1344.0
2176.0
3072.0
2432.0
2560.0
2112.0
2304.0
1728.0
1600.0
256.0
-384.0
0.0
192.0
384.0
768.0
512.0
0.0
512.0
1216.0
2560.0
1728.0
1728.0
832.0
192.0
576.0
192.0
1344.0
2752.0
5056.0
5440.0
1856.0
384.0
1280.0
3904.0
4224.0
1728.0
704.0
1152.0
1472.0
3264.0
1280.0
-320.0
192.0
512.0
-1088.0
-704.0
576.0
1280.0
1472.0
-448.0
-256.0
192.0
2560.0
1024.0
-896.0
1792.0
3392.0
-832.0
192.0
1216.0
-128.0
-512.0
1472.0
2304.0
2176.0
2880.0
4288.0
3200.0
1408.0
2432.0
3712.0
2688.0
1536.0
1856.0
1536.0
-896.0
1792.0
4608.0
2496.0
192.0
1792.0
3264.0
2048.0
-320.0
4224.0
3584.0
2112.0
-256.0
896.0
-1920.0
-384.0
704.0
-1024.0
-1152.0
1728.0
1600.0
1344.0
1984.0
2176.0
-64.0
2432.0
1920.0
896.0
1600.0
3072.0
1664.0
1472.0
2368.0
1664.0
3584.0
1984.0
1024.0
2752.0
-128.0
-1856.0
-1088.0
512.0
1600.0
1728.0
256.0
1600.0
1472.0
640.0
1408.0
512.0
576.0
256.0
960.0
1984.0
1600.0
1024.0
1344.0
2112.0
2560.0
2944.0
3328.0
2688.0
64.0
256.0
1856.0
2944.0
2176.0
-192.0
192.0
2112.0
576.0
-896.0
-512.0
256.0
-64.0
1728.0
4160.0
5696.0
4032.0
64.0
-960.0
-2496.0
-1408.0
1344.0
384.0
768.0
-1152.0
384.0
384.0
3008.0
1344.0
192.0
896.0
3712.0
960.0
-256.0
4160.0
3712.0
2176.0
256.0
-2880.0
-1280.0
1344.0
1472.0
1600.0
832.0
2176.0
1280.0
448.0
-704.0
1728.0
3520.0
3264.0
3136.0
4416.0
4480.0
896.0
-128.0
320.0
640.0
896.0
640.0
1920.0
1024.0
1728.0
-1664.0
-448.0
1536.0
2240.0
832.0
1088.0
4928.0
1280.0
1216.0
2240.0
1984.0
2816.0
3776.0
2432.0
-256.0
-2112.0
-1728.0
-768.0
-960.0
1792.0
4672.0
3584.0
3456.0
-3136.0
-2240.0
-1536.0
-64.0
1472.0
1920.0
2304.0
-576.0
-2880.0
-2624.0
896.0
832.0
704.0
3456.0
5696.0
2048.0
-512.0
-192.0
-1024.0
768.0
2112.0
2560.0
2496.0
-1856.0
-1920.0
-2240.0
-832.0
2560.0
3584.0
1728.0
-768.0
0.0
1856.0
1216.0
2880.0
6272.0
4736.0
896.0
-2240.0
-1344.0
960.0
1920.0
4992.0
1152.0
960.0
-768.0
576.0
2624.0
2880.0
4352.0
-1088.0
-768.0
-128.0
-256.0
576.0
3264.0
2112.0
3328.0
-384.0
-2112.0
-640.0
2176.0
5120.0
1344.0
-3904.0
-1344.0
704.0
2048.0
5696.0
5184.0
-2176.0
-2816.0
-448.0
384.0
4736.0
5312.0
6400.0
384.0
-1344.0
0.0
256.0
3392.0
2624.0
-320.0
-960.0
2048.0
1472.0
1984.0
2048.0
512.0
-960.0
3328.0
3840.0
4800.0
6016.0
-320.0
0.0
-1472.0
-3392.0
-2240.0
1152.0
-896.0
-1984.0
-896.0
128.0
192.0
2048.0
-704.0
64.0
-1344.0
-960.0
-1600.0
-3008.0
-2368.0
-256.0
1408.0
3136.0
4800.0
4416.0
128.0
-3584.0
576.0
1344.0
1344.0
1152.0
-512.0
-1472.0
1856.0
640.0
4288.0
3072.0
3072.0
3264.0
1088.0
2368.0
1600.0
-192.0
5312.0
5504.0
6272.0
896.0
3136.0
-1728.0
-1216.0
960.0
4352.0
3648.0
-1152.0
-512.0
2112.0
2944.0
1984.0
3328.0
2496.0
2048.0
-1664.0
-1984.0
-2112.0
832.0
-320.0
-576.0
-192.0
-1472.0
-2752.0
-1152.0
1792.0
1984.0
512.0
2368.0
3392.0
-64.0
-448.0
-1856.0
-3008.0
-3456.0
-2624.0
-1856.0
-192.0
64.0
3392.0
4864.0
2112.0
960.0
6976.0
-832.0
-512.0
1728.0
2112.0
7488.0
-704.0
-448.0
-2816.0
-3648.0
-2112.0
-2112.0
896.0
1920.0
3712.0
5248.0
9408.0
2880.0
3712.0
704.0
-1920.0
-1280.0
-1088.0
-896.0
-448.0
64.0
1472.0
-2432.0
960.0
2304.0
-384.0
2176.0
2304.0
1664.0
320.0
-704.0
-4608.0
-1344.0
-2496.0
-1216.0
-448.0
128.0
-576.0
1280.0
1344.0
3200.0
2240.0
2816.0
2112.0
448.0
1472.0
-2880.0
-5120.0
-4352.0
-3328.0
-5056.0
-256.0
640.0
-832.0
-2048.0
-1920.0
-2112.0
256.0
1408.0
-128.0
5760.0
640.0
-320.0
4608.0
8064.0
4864.0
6656.0
0.0
64.0
1920.0
5120.0
3456.0
4608.0
2304.0
4928.0
5056.0
3072.0
-896.0
1792.0
-1536.0
128.0
-448.0
3904.0
576.0
3200.0
128.0
-1856.0
-1728.0
-3264.0
-1984.0
-3264.0
-1536.0
-832.0
2112.0
2048.0
896.0
-1472.0
512.0
-1408.0
-128.0
-512.0
3648.0
4416.0
1600.0
-448.0
-960.0
-192.0
1088.0
448.0
1024.0
1280.0
192.0
128.0
2816.0
2240.0
2944.0
3712.0
-512.0
-2112.0
-448.0
3904.0
3712.0
1600.0
704.0
1600.0
1344.0
-2368.0
-4224.0
1408.0
3200.0
7744.0
-1344.0
448.0
-1984.0
-1088.0
1536.0
384.0
-3584.0
-3200.0
-64.0
640.0
2880.0
7808.0
4352.0
-640.0
1472.0
2176.0
-1408.0
-896.0
192.0
-2112.0
-3072.0
-3136.0
-2880.0
-2496.0
-1088.0
448.0
448.0
-2048.0
-3456.0
-4480.0
-3392.0
-2624.0
-1728.0
-2880.0
-512.0
256.0
-1280.0
2048.0
512.0
1856.0
2624.0
5760.0
1280.0
4096.0
4352.0
-576.0
2112.0
-320.0
6656.0
1472.0
4480.0
-640.0
3968.0
-2176.0
-1920.0
3328.0
256.0
5184.0
-128.0
4224.0
5184.0
704.0
-192.0
-448.0
-3264.0
-2368.0
3136.0
4480.0
-512.0
-1536.0
-2496.0
-5312.0
-5696.0
-5888.0
-6080.0
-2752.0
2368.0
-384.0
-1088.0
3008.0
5696.0
3648.0
-960.0
-1728.0
-960.0
-2368.0
-3968.0
-2816.0
-2240.0
-1856.0
4800.0
5184.0
2240.0
2944.0
3520.0
5248.0
5696.0
4352.0
4352.0
6144.0
-256.0
1024.0
-3520.0
4544.0
6912.0
2240.0
1024.0
3136.0
7744.0
2816.0
-4416.0
-4736.0
-1856.0
704.0
640.0
1408.0
3776.0
3264.0
2304.0
512.0
-1408.0
-3328.0
-2432.0
-768.0
-2496.0
-2048.0
-6016.0
0.0
-5632.0
-6784.0
-2112.0
640.0
384.0
-2176.0
-2496.0
1024.0
-1472.0
2688.0
4288.0
1088.0
2752.0
-64.0
4160.0
5120.0
5120.0
7104.0
6592.0
4096.0
3904.0
3456.0
2368.0
-1216.0
-832.0
-1536.0
6208.0
4800.0
-1536.0
-5888.0
-5760.0
-3776.0
-3264.0
6720.0
-128.0
-1216.0
-4800.0
-4160.0
-1600.0
5760.0
7104.0
6016.0
-2496.0
-320.0
-1408.0
-4352.0
-3520.0
-4864.0
-2304.0
1408.0
1472.0
-2304.0
-3456.0
-896.0
384.0
-64.0
1280.0
-1408.0
1600.0
-2688.0
3008.0
3904.0
4672.0
-64.0
-1152.0
4672.0
6592.0
1984.0
-960.0
-1344.0
3520.0
4928.0
4864.0
3392.0
-320.0
-2176.0
384.0
6464.0
4864.0
1984.0
2688.0
-2048.0
-4224.0
-4928.0
-3264.0
1024.0
3008.0
-320.0
-2944.0
-1792.0
-4672.0
-3712.0
-2816.0
-3264.0
-1664.0
960.0
960.0
-448.0
-896.0
2688.0
4736.0
-512.0
-1664.0
-3648.0
-4544.0
-3200.0
-1920.0
3136.0
1920.0
4992.0
6272.0
4416.0
128.0
1024.0
3456.0
2496.0
5184.0
1088.0
6016.0
1984.0
1920.0
3776.0
-1600.0
-3264.0
-4480.0
-4096.0
-6144.0
-5120.0
-3072.0
-1280.0
6080.0
3904.0
-896.0
-640.0
-1216.0
-1408.0
1216.0
512.0
-2432.0
-2112.0
-512.0
-2752.0
-3072.0
704.0
4672.0
1344.0
1920.0
-1472.0
2304.0
4928.0
2112.0
512.0
-704.0
2624.0
4416.0
3520.0
3520.0
7936.0
8000.0
-896.0
-5696.0
-3840.0
-1344.0
2816.0
8768.0
5568.0
-3520.0
-3520.0
-3648.0
-1024.0
384.0
-640.0
-1088.0
-832.0
-2112.0
-5888.0
-1472.0
3200.0
448.0
-1344.0
-3200.0
-4416.0
576.0
448.0
-1984.0
-1920.0
-832.0
1792.0
2432.0
4992.0
4160.0
896.0
2048.0
1728.0
1664.0
-576.0
-3392.0
2624.0
1600.0
2240.0
3584.0
-896.0
-2496.0
-5952.0
4672.0
5056.0
1088.0
1664.0
-3520.0
-4992.0
-2240.0
1856.0
3712.0
3200.0
832.0
-512.0
-4480.0
576.0
-2304.0
-3072.0
960.0
1984.0
-192.0
-1920.0
1664.0
-1408.0
-832.0
-3648.0
576.0
6080.0
3392.0
-1536.0
-4480.0
-3328.0
2304.0
-1088.0
64.0
4288.0
5184.0
2688.0
128.0
640.0
3072.0
-1344.0
6272.0
7616.0
2304.0
-576.0
-2816.0
448.0
-1472.0
1344.0
2048.0
-960.0
1280.0
-704.0
576.0
-3072.0
-2304.0
-2240.0
1472.0
1984.0
2176.0
-1408.0
448.0
-4288.0
-4224.0
-5312.0
-1600.0
-1280.0
-3968.0
64.0
4480.0
5760.0
1408.0
1856.0
-896.0
2688.0
1728.0
1024.0
192.0
7040.0
9024.0
9984.0
1344.0
-3008.0
-10240.0
-2304.0
-3008.0
-4160.0
-4480.0
-3648.0
-3968.0
-1280.0
3264.0
1344.0
-1856.0
384.0
1920.0
832.0
-1280.0
-704.0
256.0
1344.0
128.0
-1024.0
1408.0
2560.0
-448.0
1280.0
4032.0
5632.0
4608.0
-1152.0
-8384.0
768.0
7104.0
8960.0
7168.0
-1344.0
-1472.0
3648.0
1920.0
4608.0
512.0
-6272.0
-7616.0
-3264.0
-1856.0
-64.0
-192.0
-64.0
3840.0
3328.0
-3392.0
-3008.0
-1728.0
-3136.0
2112.0
-128.0
7040.0
1216.0
-1408.0
-1152.0
-128.0
-2688.0
-2688.0
-2432.0
-1152.0
1472.0
192.0
768.0
-1024.0
-1344.0
-1152.0
-192.0
9408.0
11968.0
7680.0
-2560.0
-3008.0
64.0
1728.0
6208.0
9344.0
-640.0
-2560.0
-320.0
1216.0
256.0
-3456.0
-2240.0
-2880.0
-3200.0
-2752.0
-3776.0
-3968.0
1408.0
320.0
192.0
1792.0
1728.0
2368.0
768.0
1600.0
5888.0
3264.0
-2560.0
-7168.0
-6464.0
-6464.0
-12032.0
-3712.0
-1536.0
11264.0
5120.0
-1920.0
-2880.0
10112.0
6848.0
5440.0
-192.0
768.0
-1024.0
768.0
-1472.0
-64.0
192.0
-1344.0
-4160.0
-2304.0
-1024.0
-1600.0
-1920.0
-1920.0
4608.0
7168.0
-2240.0
-4416.0
-4288.0
-3072.0
-4736.0
-5312.0
-3264.0
-1152.0
2048.0
-896.0
-1344.0
1792.0
4096.0
1216.0
128.0
7872.0
6848.0
4672.0
3904.0
1792.0
1536.0
-832.0
-1024.0
-2176.0
-3392.0
-4544.0
-8704.0
-3200.0
2304.0
7680.0
-2432.0
-2048.0
-2752.0
-1792.0
-384.0
1792.0
2368.0
3136.0
1344.0
1856.0
1280.0
768.0
832.0
-128.0
1344.0
1856.0
-128.0
-6912.0
-1408.0
-448.0
-1792.0
-4224.0
128.0
-1600.0
768.0
1280.0
4672.0
3712.0
5312.0
6976.0
8192.0
11648.0
640.0
832.0
-2368.0
-4160.0
-4544.0
-3200.0
-4544.0
-768.0
-1408.0
0.0
320.0
448.0
-896.0
384.0
320.0
-192.0
-256.0
512.0
2496.0
256.0
64.0
-1472.0
-512.0
-3456.0
-4928.0
-3520.0
448.0
-1344.0
64.0
2752.0
-1408.0
1856.0
3328.0
3648.0
9536.0
10112.0
2880.0
192.0
-3840.0
896.0
-192.0
256.0
384.0
-1152.0
-3136.0
-3072.0
-2432.0
-1536.0
-1024.0
-1152.0
3392.0
2688.0
1344.0
128.0
576.0
-3840.0
-3136.0
-3136.0
-8768.0
-9600.0
-4288.0
-1472.0
-3456.0
-1472.0
960.0
0.0
3904.0
2048.0
19456.0
5888.0
1024.0
256.0
512.0
2176.0
768.0
-128.0
-3776.0
-320.0
-1408.0
-256.0
-3392.0
-3456.0
-192.0
896.0
-576.0
-3776.0
-4736.0
-3776.0
-2176.0
320.0
-4352.0
-3072.0
576.0
-2112.0
-1088.0
576.0
384.0
1728.0
2752.0
2432.0
3648.0
5888.0
4736.0
-320.0
768.0
128.0
576.0
-5056.0
-11392.0
-3072.0
2944.0
12416.0
192.0
-2816.0
-2176.0
-1088.0
-448.0
-3136.0
192.0
-704.0
640.0
512.0
-640.0
-512.0
-384.0
1664.0
2368.0
2368.0
3264.0
320.0
-5184.0
-3648.0
-5440.0
-6016.0
-7296.0
-1536.0
832.0
3264.0
4032.0
2624.0
256.0
3520.0
21184.0
832.0
1344.0
-1664.0
-9216.0
-7296.0
-5632.0
-2880.0
-512.0
2112.0
10496.0
2176.0
832.0
-1024.0
-448.0
1024.0
832.0
2240.0
3136.0
1152.0
512.0
-8512.0
-6464.0
0.0
1344.0
320.0
-4672.0
-7232.0
-4864.0
-1472.0
-2048.0
-1536.0
1344.0
4736.0
19968.0
9856.0
6336.0
1536.0
7872.0
-1344.0
256.0
4928.0
1088.0
-1856.0
1408.0
-1216.0
-768.0
1024.0
-320.0
896.0
2624.0
1728.0
1152.0
-768.0
-1344.0
-4288.0
-2944.0
6976.0
-512.0
-11904.0
-5440.0
-3264.0
-3776.0
0.0
3264.0
2112.0
-320.0
-1984.0
-4800.0
-6144.0
-4864.0
1664.0
640.0
4224.0
1344.0
2112.0
1536.0
2368.0
1792.0
3136.0
5440.0
9024.0
4288.0
64.0
-4672.0
-5952.0
-6592.0
-2880.0
-256.0
-3264.0
-3968.0
-3648.0
448.0
3328.0
2176.0
2560.0
3648.0
384.0
2880.0
3968.0
6784.0
-3584.0
9024.0
640.0
-1856.0
832.0
1984.0
2688.0
-10112.0
-3328.0
-1792.0
-1664.0
-1024.0
-2816.0
-320.0
-896.0
3008.0
3712.0
704.0
-896.0
-512.0
128.0
-768.0
-1664.0
8192.0
2432.0
8640.0
13056.0
7808.0
-4672.0
-7104.0
-6848.0
-6272.0
-7616.0
-6720.0
-2368.0
-8000.0
-2560.0
-3200.0
-2560.0
2432.0
1408.0
3456.0
7552.0
2752.0
12992.0
25088.0
320.0
-5632.0
-6848.0
-10304.0
-4288.0
-2816.0
640.0
768.0
2304.0
4480.0
5440.0
4416.0
192.0
-4096.0
-2560.0
-192.0
-320.0
256.0
384.0
-3264.0
-9792.0
-7872.0
-6720.0
-6208.0
-5696.0
-1920.0
-1600.0
10752.0
8704.0
-1984.0
-576.0
2624.0
4096.0
4608.0
2880.0
-832.0
128.0
-2304.0
384.0
-640.0
1408.0
3328.0
1152.0
640.0
6656.0
1600.0
-4096.0
-3776.0
-9344.0
-4288.0
-5184.0
-6528.0
-6976.0
-3200.0
4480.0
5504.0
-1536.0
-2432.0
-4608.0
-1024.0
5056.0
8512.0
-1152.0
-384.0
640.0
1088.0
1984.0
256.0
-1216.0
-320.0
12096.0
11968.0
4416.0
-704.0
-4608.0
-1024.0
-16384.0
-18112.0
-960.0
-1344.0
-2496.0
-640.0
1408.0
6016.0
-512.0
-64.0
-768.0
6208.0
9344.0
-128.0
-1600.0
-896.0
640.0
-2752.0
-1984.0
5568.0
-896.0
-6656.0
-12864.0
-7680.0
-3008.0
2432.0
-5632.0
-4800.0
-5760.0
-1536.0
-1920.0
-1472.0
-768.0
-1984.0
-1728.0
-16256.0
-17472.0
-15680.0
-18432.0
-17344.0
-16384.0
-17216.0
-18048.0
-15552.0
-13632.0
-9024.0
-9088.0
-7872.0
-7104.0
-5824.0
-7616.0
-8896.0
-2304.0
-1920.0
576.0
-64.0
-192.0
12544.0
21376.0
-1728.0
-2304.0
8256.0
-384.0
-3008.0
896.0
3840.0
1600.0
6656.0
3328.0
6336.0
4928.0
4352.0
896.0
4160.0
9152.0
8448.0
5184.0
4992.0
5632.0
3904.0
-768.0
7488.0
5312.0
-1472.0
6464.0
1664.0
1408.0
13888.0
6784.0
768.0
6080.0
832.0
-768.0
640.0
13056.0
11072.0
6400.0
11904.0
-2048.0
-1728.0
-576.0
-1600.0
960.0
6784.0
4480.0
3072.0
3584.0
1472.0
3584.0
-6912.0
-11392.0
-14400.0
-7552.0
-7488.0
-9536.0
-9600.0
-9280.0
-6528.0
-6848.0
5056.0
16960.0
-3648.0
-2560.0
15040.0
1536.0
-1088.0
-4928.0
1344.0
3904.0
2176.0
-1088.0
2496.0
-64.0
-576.0
12480.0
6016.0
5568.0
2816.0
3072.0
4544.0
3776.0
3328.0
3264.0
5312.0
-448.0
5120.0
8256.0
-1920.0
3904.0
-1664.0
5248.0
5888.0
6016.0
3712.0
8000.0
9344.0
7040.0
1984.0
-512.0
7040.0
18560.0
3072.0
8960.0
5504.0
192.0
-5248.0
-5184.0
-4288.0
-3392.0
3712.0
-768.0
-2048.0
-2752.0
-3712.0
-3840.0
-3136.0
-5760.0
-1344.0
-1600.0
-1536.0
960.0
320.0
-1856.0
-1536.0
-2944.0
-4416.0
-1408.0
-2816.0
-4800.0
-2752.0
-1216.0
1152.0
10688.0
1728.0
-6016.0
-4672.0
-4160.0
6784.0
256.0
-2880.0
-3264.0
-6208.0
-7232.0
-11072.0
-9600.0
-12288.0
-11392.0
-10240.0
-10432.0
-4928.0
-704.0
-5440.0
-256.0
-320.0
-5760.0
8384.0
-640.0
-2496.0
-9984.0
-9408.0
-10304.0
-11008.0
-1472.0
-1280.0
1856.0
-3264.0
-2752.0
-4480.0
-5312.0
-7808.0
-8448.0
-2624.0
1408.0
-2816.0
-2560.0
-2240.0
-3008.0
-7744.0
-6720.0
-3776.0
-3904.0
-6272.0
-3584.0
-1536.0
-2432.0
-2048.0
-1984.0
-2368.0
-3200.0
-1280.0
-2560.0
-1920.0
-3648.0
-4032.0
-3264.0
-2432.0
-1088.0
-512.0
-576.0
-512.0
-384.0
-1344.0
-832.0
-128.0
-256.0
-2048.0
-320.0
-1664.0
-896.0
-960.0
-960.0
-256.0
-896.0
-192.0
384.0
-960.0
-384.0
-1088.0
-1344.0
-192.0
1344.0
19328.0
2368.0
-1152.0
-2816.0
-3328.0
-768.0
-2304.0
2240.0
5120.0
2112.0
-7104.0
3968.0
-7808.0
-2240.0
-5184.0
-1792.0
-7488.0
64.0
-6272.0
-896.0
-9920.0
-7296.0
-9664.0
-6464.0
-6400.0
-7872.0
-5248.0
-5568.0
-6272.0
-5632.0
-6336.0
-5440.0
-4288.0
-2688.0
-4224.0
-2496.0
-4480.0
-3776.0
-3456.0
-3072.0
-2304.0
-1024.0
256.0
704.0
-1024.0
-384.0
704.0
-640.0
-1792.0
-2048.0
-768.0
-384.0
0.0
-1024.0
-1280.0
-2240.0
-1920.0
-1088.0
-2048.0
-1856.0
-192.0
-768.0
-768.0
-448.0
-192.0
-1024.0
-128.0
-832.0
-1216.0
-1408.0
-960.0
-1344.0
-576.0
-832.0
-1280.0
-1600.0
-2048.0
-3456.0
-7616.0
-7296.0
-3648.0
-2624.0
-4032.0
-3584.0
-960.0
-1792.0
-1792.0
-960.0
-2304.0
-1792.0
-1088.0
-1152.0
-3840.0
-2176.0
-192.0
-2240.0
-1152.0
5760.0
28288.0
32384.0
13376.0
4480.0
6784.0
12352.0
-1216.0
10240.0
3200.0
-5888.0
11392.0
5120.0
6528.0
5696.0
13248.0
-448.0
320.0
6080.0
1216.0
2944.0
-768.0
6848.0
640.0
-3072.0
-1344.0
-512.0
1664.0
-1920.0
-960.0
-1088.0
-1536.0
-1600.0
-1344.0
-384.0
-1216.0
576.0
-640.0
-3456.0
-4992.0
-4288.0
-4032.0
-4224.0
-5888.0
-2688.0
-1984.0
-2240.0
-1792.0
-1920.0
-2112.0
-2496.0
-128.0
-2368.0
-1088.0
576.0
-384.0
1024.0
576.0
-768.0
-576.0
1344.0
320.0
-128.0
-128.0
1280.0
832.0
1024.0
1088.0
2176.0
1984.0
2752.0
4032.0
5952.0
5568.0
1536.0
2880.0
2752.0
4992.0
5440.0
4928.0
2816.0
1344.0
512.0
960.0
-1216.0
1408.0
-896.0
2112.0
896.0
-1024.0
-448.0
2176.0
-640.0
128.0
3776.0
2176.0
-320.0
-3968.0
-2688.0
-320.0
-2176.0
-1152.0
320.0
-1728.0
768.0
1728.0
128.0
-3264.0
-576.0
-1664.0
640.0
-1856.0
-192.0
1088.0
512.0
3072.0
-1600.0
-2048.0
384.0
320.0
832.0
1792.0
2560.0
704.0
1856.0
192.0
1024.0
896.0
5248.0
1536.0
3008.0
1664.0
2304.0
1344.0
-64.0
2816.0
1472.0
3712.0
-64.0
-704.0
1024.0
1856.0
960.0
256.0
-128.0
-1600.0
-1088.0
0.0
64.0
-1024.0
-192.0
384.0
-256.0
-1280.0
-1344.0
-1152.0
-1472.0
-2432.0
-1216.0
-2496.0
-448.0
-1664.0
-512.0
-1408.0
-1792.0
-640.0
-3776.0
128.0
-1472.0
1664.0
-1216.0
448.0
384.0
2368.0
960.0
-1600.0
64.0
1472.0
2752.0
3456.0
2688.0
512.0
2880.0
-320.0
2688.0
768.0
3392.0
4672.0
5376.0
256.0
2944.0
1280.0
1280.0
