-1472.0
-4672.0
5120.0
5312.0
-576.0
-5184.0
-6784.0
-3968.0
2112.0
896.0
-1664.0
-1472.0
-512.0
-192.0
832.0
-640.0
-1472.0
-1088.0
-512.0
-448.0
256.0
576.0
3840.0
7424.0
9920.0
9536.0
11584.0
15872.0
11008.0
5376.0
-960.0
-1280.0
128.0
960.0
1856.0
-320.0
-1856.0
-2304.0
-1024.0
-1152.0
-1600.0
-1536.0
-1152.0
576.0
-320.0
-704.0
1600.0
3264.0
3328.0
2240.0
2240.0
5184.0
8832.0
3264.0
-10368.0
-7616.0
-128.0
1152.0
3392.0
3968.0
960.0
1088.0
1152.0
0.0
-1216.0
-192.0
-128.0
960.0
3712.0
2496.0
2752.0
3328.0
2944.0
3072.0
2880.0
3328.0
3200.0
3264.0
3648.0
3456.0
3200.0
3520.0
3712.0
2560.0
2304.0
1216.0
704.0
768.0
320.0
-256.0
-448.0
-576.0
-384.0
704.0
192.0
-832.0
1344.0
1664.0
1472.0
-1152.0
-960.0
1536.0
1536.0
192.0
640.0
2048.0
3200.0
2944.0
3392.0
2240.0
1664.0
2944.0
2816.0
1280.0
576.0
1088.0
704.0
-64.0
1216.0
1728.0
960.0
640.0
2304.0
2752.0
2752.0
2880.0
3072.0
2688.0
1344.0
-640.0
-896.0
-320.0
-320.0
-576.0
-832.0
-448.0
896.0
1408.0
1600.0
704.0
1856.0
2112.0
2240.0
2624.0
1216.0
2368.0
2496.0
384.0
768.0
1024.0
2240.0
2816.0
2944.0
1920.0
2240.0
1280.0
1472.0
2944.0
3136.0
448.0
256.0
1216.0
960.0
64.0
256.0
-512.0
0.0
-1216.0
512.0
1600.0
1472.0
640.0
1664.0
1024.0
640.0
1536.0
640.0
320.0
512.0
832.0
768.0
3584.0
3776.0
3840.0
1728.0
2688.0
2432.0
1216.0
2624.0
2496.0
3136.0
3200.0
1664.0
1408.0
1664.0
64.0
-384.0
576.0
-192.0
384.0
-1024.0
-640.0
1024.0
1984.0
2176.0
1088.0
1600.0
1088.0
1280.0
640.0
832.0
960.0
1920.0
2240.0
3072.0
960.0
448.0
-896.0
1216.0
1344.0
1728.0
2240.0
2496.0
2624.0
1728.0
1088.0
448.0
512.0
1920.0
896.0
2304.0
512.0
448.0
960.0
1024.0
384.0
-1600.0
512.0
-384.0
1536.0
256.0
1216.0
1088.0
704.0
-128.0
960.0
1024.0
1088.0
2112.0
3456.0
3840.0
704.0
-896.0
960.0
-128.0
-384.0
128.0
384.0
-128.0
512.0
1088.0
-448.0
256.0
1600.0
3072.0
2816.0
2624.0
2176.0
704.0
-896.0
384.0
576.0
1408.0
384.0
1024.0
448.0
0.0
-832.0
-64.0
1536.0
384.0
1856.0
3072.0
2944.0
2560.0
1216.0
1344.0
896.0
-448.0
768.0
1280.0
896.0
-384.0
2496.0
3200.0
768.0
2048.0
640.0
1088.0
-1344.0
-64.0
448.0
192.0
320.0
1728.0
768.0
1536.0
1792.0
2496.0
-64.0
2624.0
2752.0
960.0
1280.0
256.0
-1088.0
-960.0
1536.0
-64.0
-256.0
-1088.0
-1984.0
-704.0
-64.0
640.0
3648.0
4352.0
2880.0
1472.0
1344.0
1664.0
3328.0
-320.0
3200.0
-448.0
-1280.0
-2304.0
-704.0
192.0
3072.0
960.0
-576.0
-384.0
1664.0
3648.0
4160.0
2880.0
2816.0
2112.0
448.0
1408.0
3840.0
384.0
2816.0
384.0
512.0
-1216.0
960.0
1088.0
1408.0
-640.0
-1344.0
-2944.0
-640.0
-1856.0
-1152.0
-832.0
640.0
1664.0
1088.0
2496.0
3072.0
2048.0
1728.0
-960.0
-1600.0
1664.0
2816.0
3712.0
2688.0
640.0
-704.0
-896.0
5312.0
6272.0
5632.0
1024.0
-2688.0
-2048.0
-960.0
-1664.0
640.0
448.0
512.0
-576.0
960.0
960.0
2240.0
1856.0
1472.0
2176.0
3968.0
3584.0
1472.0
1216.0
-832.0
512.0
-320.0
2112.0
0.0
-960.0
-832.0
-1344.0
448.0
2752.0
-512.0
-3136.0
-5824.0
-4928.0
-1600.0
1920.0
1728.0
-128.0
320.0
-1472.0
1344.0
2688.0
3392.0
2368.0
-960.0
128.0
576.0
1280.0
1856.0
1344.0
1920.0
3072.0
1536.0
4032.0
-832.0
4288.0
-576.0
4800.0
3392.0
2816.0
1152.0
-64.0
1600.0
5504.0
1792.0
1088.0
-3776.0
-1088.0
-2880.0
-1856.0
3264.0
6016.0
2880.0
1216.0
320.0
-512.0
-256.0
64.0
3136.0
832.0
640.0
256.0
-2816.0
3264.0
-256.0
3904.0
-704.0
-64.0
448.0
1984.0
768.0
-768.0
576.0
1472.0
2816.0
-1152.0
-1472.0
-4544.0
-768.0
1408.0
1600.0
-448.0
2752.0
1856.0
1216.0
-2496.0
1536.0
640.0
4544.0
-2176.0
-3456.0
-192.0
-2880.0
-640.0
-2496.0
1664.0
2304.0
2432.0
3136.0
6592.0
7680.0
4288.0
768.0
1408.0
-2112.0
576.0
1792.0
1536.0
-832.0
-64.0
4288.0
-2624.0
384.0
-1280.0
1216.0
1728.0
3008.0
-832.0
1024.0
3008.0
704.0
1088.0
-1600.0
-2688.0
-1792.0
-2240.0
-3456.0
-2240.0
1664.0
1984.0
960.0
-192.0
832.0
-1472.0
-1536.0
-2752.0
-1600.0
-2176.0
2496.0
-640.0
-1792.0
-192.0
1344.0
1152.0
448.0
-2176.0
2112.0
3008.0
2304.0
1408.0
2624.0
4992.0
5248.0
1920.0
-1344.0
-1600.0
-1024.0
3584.0
2240.0
3328.0
1088.0
64.0
-2496.0
-1024.0
2752.0
3648.0
2432.0
2560.0
0.0
-1472.0
-3328.0
-1472.0
-512.0
-576.0
-2240.0
-1536.0
-192.0
-1536.0
448.0
320.0
192.0
-512.0
-896.0
1088.0
3136.0
-64.0
-512.0
-1728.0
704.0
2624.0
4416.0
1024.0
4480.0
2240.0
-1664.0
192.0
640.0
-2816.0
-2560.0
-128.0
2368.0
256.0
4480.0
-1984.0
-2752.0
-4416.0
-5696.0
-1984.0
64.0
64.0
2560.0
4032.0
64.0
-256.0
5376.0
7936.0
128.0
3136.0
2368.0
6272.0
2880.0
704.0
-1408.0
-1728.0
-2048.0
-960.0
-896.0
5952.0
4224.0
1152.0
-576.0
896.0
1152.0
-1152.0
-2432.0
1088.0
0.0
-768.0
64.0
-3328.0
-1600.0
-3072.0
-1344.0
-1344.0
-768.0
-896.0
-3328.0
-3520.0
-4992.0
-4672.0
-2496.0
-1664.0
832.0
1088.0
512.0
3072.0
2560.0
4864.0
2368.0
6272.0
5888.0
4352.0
2880.0
-2176.0
4096.0
576.0
3776.0
-640.0
2368.0
-704.0
-1408.0
384.0
-64.0
64.0
-4160.0
-1088.0
4608.0
832.0
-1984.0
-1280.0
-3072.0
-1088.0
2112.0
2624.0
4800.0
384.0
1856.0
-1600.0
-1792.0
-384.0
1024.0
-64.0
-448.0
1408.0
1536.0
384.0
-3136.0
-2880.0
-3648.0
-896.0
-3584.0
-4416.0
-3840.0
-6080.0
-2112.0
1984.0
2048.0
3520.0
2752.0
3648.0
4608.0
-832.0
-2368.0
-1088.0
-1088.0
1088.0
4032.0
5184.0
7040.0
4864.0
768.0
-512.0
3136.0
-768.0
2688.0
-704.0
1600.0
-3648.0
-4992.0
-4032.0
-1216.0
768.0
4672.0
5952.0
3008.0
-3840.0
-4096.0
-3648.0
512.0
-1152.0
-576.0
-640.0
640.0
-2496.0
-4800.0
-4800.0
-576.0
-960.0
64.0
2304.0
3904.0
640.0
-640.0
-2048.0
-1728.0
1472.0
-512.0
6592.0
1408.0
2496.0
4736.0
1088.0
5760.0
6400.0
-832.0
1024.0
3968.0
-1984.0
3136.0
-1344.0
-3072.0
-3648.0
1600.0
1792.0
1536.0
1408.0
1600.0
1024.0
1152.0
2496.0
4992.0
3456.0
-320.0
2752.0
2624.0
960.0
1280.0
-1664.0
-4224.0
-3776.0
-4032.0
-2176.0
192.0
-3008.0
-2560.0
-5312.0
-2752.0
-5632.0
-3520.0
-2624.0
1024.0
3904.0
4480.0
1472.0
3200.0
3072.0
8320.0
3136.0
3968.0
7808.0
-896.0
-2496.0
5312.0
4608.0
7232.0
2240.0
3520.0
2624.0
-704.0
-2624.0
2496.0
2816.0
384.0
-1152.0
-3456.0
-3392.0
-896.0
-1536.0
-384.0
-384.0
576.0
448.0
-2816.0
-3456.0
-3200.0
-2112.0
320.0
1280.0
768.0
1728.0
640.0
384.0
4288.0
3584.0
-64.0
-704.0
-5120.0
-8384.0
-6848.0
-5952.0
-2816.0
-1792.0
1728.0
14336.0
14912.0
-320.0
-1920.0
-1152.0
3520.0
5120.0
1920.0
6848.0
4608.0
4672.0
1728.0
3904.0
-1600.0
-64.0
-320.0
-3648.0
-768.0
-1728.0
64.0
-1152.0
-1984.0
-1664.0
-6464.0
-4224.0
-2048.0
-192.0
1920.0
-640.0
5888.0
3328.0
512.0
-1664.0
1536.0
2112.0
1024.0
-448.0
960.0
-5568.0
-1472.0
-64.0
3456.0
3584.0
2176.0
5376.0
2624.0
-3648.0
4032.0
2176.0
6656.0
-1856.0
-3968.0
5824.0
4736.0
3904.0
320.0
1600.0
-576.0
-3264.0
-3456.0
-2496.0
-5760.0
-5056.0
0.0
4160.0
3264.0
-4800.0
-4928.0
2624.0
8064.0
6784.0
960.0
-320.0
-4672.0
-4160.0
-7296.0
-1280.0
128.0
-448.0
-3008.0
-1408.0
-2944.0
-1856.0
-1408.0
17920.0
15936.0
-576.0
2048.0
5504.0
-1216.0
1984.0
2176.0
384.0
-320.0
1088.0
4480.0
3264.0
12096.0
2496.0
1600.0
7168.0
4032.0
1408.0
768.0
-10432.0
-9024.0
-2560.0
-6976.0
-6400.0
-2048.0
-10368.0
-8960.0
-1600.0
-576.0
-896.0
2816.0
3904.0
2752.0
2304.0
7552.0
3776.0
2240.0
3712.0
4736.0
-1600.0
4288.0
3520.0
10112.0
4096.0
3520.0
16192.0
1600.0
1088.0
-1536.0
-6528.0
-1600.0
-1792.0
-8960.0
-7616.0
-896.0
576.0
384.0
1664.0
2368.0
1664.0
3264.0
3264.0
2624.0
-320.0
1600.0
3072.0
1856.0
-7872.0
-1728.0
3904.0
-576.0
-256.0
960.0
-10112.0
-10752.0
-5760.0
-3392.0
-2688.0
64.0
1216.0
128.0
960.0
5952.0
5632.0
6016.0
7488.0
4992.0
4352.0
5504.0
5184.0
2944.0
3520.0
3520.0
1856.0
-2304.0
-8128.0
-8768.0
-8192.0
-10816.0
-11584.0
-5888.0
-4224.0
-2368.0
-384.0
-384.0
1856.0
3520.0
4672.0
7040.0
4480.0
3136.0
2176.0
2752.0
2368.0
3904.0
3136.0
1920.0
-7488.0
-1728.0
-2752.0
-5184.0
14784.0
10752.0
2688.0
-5248.0
-6656.0
-4160.0
12928.0
8512.0
-1408.0
-2368.0
512.0
-2432.0
-15232.0
-9664.0
1088.0
-256.0
-1344.0
-1408.0
128.0
3968.0
4096.0
2944.0
832.0
-2240.0
-2816.0
-2048.0
768.0
1088.0
1152.0
-128.0
-4608.0
-8448.0
-3328.0
-576.0
512.0
1664.0
1792.0
2368.0
8256.0
4224.0
-512.0
1024.0
-640.0
1152.0
1856.0
3904.0
5504.0
3968.0
6080.0
1216.0
576.0
3392.0
2432.0
3328.0
-1152.0
-576.0
-1472.0
-1216.0
-1088.0
-2304.0
-12928.0
-14976.0
-1536.0
-3520.0
-2048.0
256.0
-3904.0
-4416.0
-2816.0
-320.0
3584.0
5888.0
11584.0
7616.0
11904.0
6464.0
5184.0
5568.0
9856.0
6720.0
-1920.0
-1024.0
-256.0
-3648.0
-9600.0
-9792.0
-7872.0
-5504.0
-1920.0
-1600.0
-1088.0
-1088.0
384.0
5120.0
7936.0
8064.0
2560.0
-320.0
512.0
-2880.0
-576.0
-960.0
-6912.0
-11712.0
-9792.0
-9920.0
-10304.0
-1984.0
-1856.0
-1664.0
-2368.0
-1152.0
6016.0
14784.0
21120.0
1280.0
1920.0
2496.0
6784.0
2880.0
14720.0
11264.0
7872.0
1344.0
-832.0
-3328.0
-4416.0
-9472.0
-22336.0
-19648.0
-10368.0
-4288.0
-1664.0
-2240.0
-1344.0
576.0
16960.0
22336.0
8512.0
2240.0
2560.0
2432.0
2368.0
1664.0
832.0
1152.0
-2368.0
-12352.0
-9600.0
-2688.0
-3136.0
-2368.0
6400.0
128.0
3520.0
8256.0
8768.0
4096.0
-1920.0
-1856.0
-9792.0
-10816.0
-4864.0
3840.0
10240.0
-640.0
2624.0
4352.0
4544.0
704.0
1408.0
2176.0
3712.0
192.0
-4288.0
-9024.0
-8192.0
-6272.0
-6656.0
-4352.0
-2048.0
-1664.0
-2944.0
-3776.0
-3456.0
-1280.0
2176.0
17344.0
5888.0
1792.0
1792.0
3520.0
704.0
1152.0
6656.0
5760.0
1920.0
-448.0
320.0
-960.0
1344.0
1408.0
1536.0
-384.0
-1664.0
-3264.0
-13824.0
-18752.0
-5824.0
-2240.0
-2688.0
3328.0
27520.0
-5632.0
-2368.0
-14464.0
-2368.0
960.0
16320.0
7680.0
128.0
5248.0
9216.0
13248.0
704.0
1344.0
832.0
256.0
-576.0
-320.0
-4096.0
-4416.0
-3712.0
-2368.0
-832.0
-960.0
10240.0
320.0
-384.0
2944.0
2944.0
-256.0
-1920.0
-2112.0
-2752.0
-2816.0
-704.0
-2112.0
-15168.0
-12352.0
-896.0
-1728.0
-6336.0
-5248.0
-1920.0
20672.0
8192.0
-1984.0
-640.0
-512.0
1152.0
-1024.0
192.0
6144.0
5120.0
25600.0
-1024.0
448.0
-2752.0
-6848.0
-9024.0
-11584.0
-16960.0
-13312.0
-3904.0
-3392.0
-2560.0
19968.0
6976.0
-1344.0
1472.0
576.0
-192.0
960.0
1408.0
-1472.0
-832.0
256.0
-64.0
2368.0
64.0
-3584.0
-4800.0
640.0
7488.0
13248.0
-16896.0
-11968.0
26752.0
12992.0
3072.0
-4544.0
-15424.0
-12224.0
-4352.0
-1216.0
-768.0
14336.0
12736.0
-640.0
1600.0
6464.0
4096.0
-320.0
256.0
448.0
3328.0
4544.0
2368.0
-1344.0
-3008.0
-7104.0
-8384.0
-6080.0
-10112.0
-8704.0
-8192.0
-10048.0
-4800.0
0.0
17472.0
-6464.0
-3072.0
8576.0
-1408.0
640.0
9024.0
5440.0
-1408.0
7104.0
2432.0
1856.0
-1728.0
-960.0
0.0
-256.0
7296.0
8768.0
4096.0
2176.0
1856.0
-3584.0
-8832.0
-5312.0
-7488.0
-12288.0
-13184.0
-7424.0
-4416.0
-4096.0
22400.0
1152.0
-6528.0
3200.0
9152.0
-1856.0
-64.0
3008.0
3264.0
2496.0
-1408.0
-832.0
128.0
-1472.0
384.0
-192.0
256.0
2304.0
-1536.0
704.0
4096.0
-1472.0
-2496.0
-2112.0
-6208.0
-4608.0
320.0
320.0
-128.0
-6336.0
-7936.0
-1728.0
-384.0
-3584.0
-6848.0
-2496.0
8448.0
5440.0
-3328.0
512.0
-2432.0
-384.0
4096.0
11712.0
14400.0
3200.0
2240.0
-1472.0
1280.0
256.0
4416.0
3328.0
-14592.0
-10368.0
19648.0
5504.0
-9728.0
-7296.0
-10176.0
-4544.0
-2112.0
2240.0
10752.0
960.0
3008.0
1792.0
1472.0
1216.0
-640.0
3904.0
-7232.0
-11648.0
-8000.0
-4800.0
-2368.0
-14016.0
-4992.0
-4480.0
18112.0
15040.0
-1920.0
-10304.0
-4864.0
11008.0
14656.0
2624.0
-768.0
1024.0
4736.0
2624.0
6400.0
960.0
3136.0
6784.0
4928.0
3776.0
5568.0
-64.0
-2240.0
-6976.0
-9792.0
-14208.0
-6720.0
-6336.0
-9536.0
-7232.0
-6016.0
-4352.0
7360.0
22016.0
-7680.0
-6848.0
4224.0
20288.0
2176.0
448.0
7296.0
3264.0
0.0
-384.0
1344.0
5376.0
10176.0
1344.0
1472.0
2112.0
5824.0
1920.0
-256.0
-6464.0
-8896.0
-4608.0
-2624.0
-5696.0
-9664.0
-6400.0
-4096.0
128.0
-2432.0
1536.0
-1280.0
-3200.0
0.0
3776.0
9792.0
3456.0
-256.0
-2112.0
-576.0
1856.0
11712.0
8192.0
-768.0
-2496.0
-320.0
13184.0
11456.0
-2496.0
-5696.0
-8576.0
-1216.0
-1024.0
-1408.0
-384.0
-1088.0
-3584.0
-7040.0
-3968.0
-2944.0
-1664.0
-5184.0
-10176.0
-2240.0
128.0
-1920.0
-7424.0
-4096.0
-4864.0
-8000.0
-8576.0
-4608.0
-8896.0
-10176.0
-11200.0
-7040.0
-6016.0
-2560.0
-9472.0
-13120.0
-12800.0
-12928.0
-13184.0
-8448.0
-8512.0
-9344.0
-10496.0
-14656.0
-25088.0
-25536.0
-13888.0
-7168.0
-5760.0
-5760.0
-2560.0
-2752.0
-1856.0
-896.0
-2176.0
-1920.0
1216.0
256.0
0.0
7488.0
32576.0
20800.0
-2176.0
1152.0
5952.0
9984.0
4160.0
15552.0
7424.0
-576.0
-1088.0
5568.0
128.0
1152.0
1216.0
11584.0
3520.0
9856.0
9600.0
4032.0
1728.0
5440.0
3584.0
3904.0
4480.0
10048.0
11840.0
5696.0
64.0
2880.0
192.0
5056.0
7232.0
2432.0
4928.0
16576.0
2816.0
6464.0
-960.0
1856.0
320.0
4224.0
-3072.0
-8320.0
-6976.0
-4800.0
-5184.0
-7296.0
-10944.0
-14720.0
-13120.0
-8704.0
-8640.0
-8960.0
-8320.0
-6144.0
-4672.0
2432.0
17088.0
-6080.0
-11456.0
384.0
-1984.0
-4864.0
5888.0
6720.0
2688.0
3136.0
5568.0
3200.0
2304.0
2176.0
4416.0
3904.0
4160.0
3840.0
12672.0
6656.0
4160.0
-320.0
1984.0
1152.0
3456.0
6592.0
10368.0
2112.0
-192.0
192.0
9344.0
15552.0
9984.0
1216.0
2880.0
832.0
7104.0
15232.0
4928.0
1536.0
-2304.0
3520.0
8384.0
7168.0
7808.0
2240.0
2880.0
5248.0
2816.0
3392.0
11136.0
-256.0
-576.0
-1280.0
-128.0
-3392.0
-1920.0
9472.0
1792.0
4864.0
-14144.0
2880.0
-8320.0
-10112.0
-9472.0
-8064.0
-4928.0
6080.0
1536.0
-5696.0
-5760.0
-4736.0
-3136.0
-4480.0
-4864.0
-1600.0
2624.0
3136.0
1472.0
832.0
-128.0
448.0
-448.0
-6016.0
-7168.0
-7360.0
-2944.0
-1856.0
-2560.0
-8832.0
-9216.0
-7168.0
-8768.0
-12608.0
-13504.0
-8448.0
-7360.0
-6592.0
1728.0
3328.0
2560.0
-2816.0
8896.0
-7168.0
-16320.0
-4288.0
1792.0
-5312.0
-12544.0
-2496.0
-6976.0
-4544.0
3008.0
-1408.0
-3008.0
-128.0
1024.0
-4288.0
-5696.0
-2176.0
-5056.0
-7296.0
-3584.0
-5056.0
-4224.0
-5760.0
-3136.0
-704.0
-4480.0
-4352.0
-1856.0
-3968.0
-2112.0
-640.0
-1216.0
-256.0
-192.0
-2176.0
-1792.0
-2816.0
-2048.0
-3136.0
-4608.0
-3072.0
-2112.0
-768.0
-960.0
-1344.0
-1216.0
-448.0
0.0
256.0
-448.0
-384.0
-832.0
640.0
1280.0
960.0
1792.0
1920.0
1536.0
960.0
1344.0
64.0
1152.0
25088.0
4416.0
-1408.0
-2496.0
-5120.0
-2048.0
9856.0
1152.0
-9024.0
-2880.0
4544.0
3136.0
-12864.0
-192.0
-6080.0
-8128.0
-3008.0
-8512.0
-8064.0
-12544.0
-11648.0
-9024.0
-10496.0
-7744.0
-11776.0
-8256.0
-8000.0
-8512.0
-5056.0
-9216.0
-8064.0
-4992.0
-6400.0
-4608.0
-5184.0
-4608.0
-2816.0
-2112.0
-1152.0
-2944.0
576.0
768.0
-2880.0
-448.0
-384.0
256.0
1472.0
384.0
896.0
384.0
1216.0
1344.0
1280.0
1472.0
704.0
832.0
1280.0
1408.0
64.0
1024.0
384.0
0.0
-192.0
-256.0
-3136.0
-3840.0
-1280.0
-512.0
-2432.0
-2432.0
-512.0
-448.0
-1024.0
-3904.0
-2688.0
-3520.0
-4288.0
-2880.0
-3392.0
-4736.0
-4736.0
-3264.0
-4160.0
-1856.0
-2560.0
-4096.0
-4032.0
-3584.0
-3136.0
-2688.0
-1152.0
-1152.0
-2496.0
-3008.0
1024.0
-3520.0
-1344.0
8256.0
32384.0
-4736.0
5824.0
13056.0
1728.0
5504.0
-6400.0
832.0
15104.0
-2368.0
768.0
7488.0
4160.0
1536.0
5824.0
1280.0
1088.0
1152.0
4416.0
5248.0
-2752.0
-2944.0
-4416.0
-1664.0
2176.0
4160.0
3008.0
-3776.0
-4992.0
-3776.0
-4096.0
-3072.0
-1920.0
-3648.0
-1472.0
-1728.0
-2880.0
-1920.0
-2240.0
-2624.0
-1280.0
-448.0
-2944.0
0.0
-2944.0
-256.0
-1344.0
-1152.0
-320.0
-576.0
-1280.0
-512.0
1728.0
-256.0
448.0
832.0
1408.0
2112.0
2752.0
448.0
1984.0
960.0
3968.0
5120.0
1856.0
2624.0
3392.0
1216.0
64.0
2816.0
1600.0
5888.0
3968.0
384.0
-1472.0
-4224.0
-576.0
2304.0
-640.0
1600.0
-2688.0
-2496.0
2304.0
1344.0
-2560.0
-2176.0
1088.0
1856.0
-4928.0
-2048.0
192.0
-1984.0
-2112.0
1216.0
-2688.0
-1728.0
-896.0
-1984.0
2560.0
-4288.0
-2240.0
1024.0
3328.0
-2176.0
-1472.0
1664.0
512.0
4864.0
2944.0
-1664.0
-4160.0
-1024.0
5120.0
2304.0
1472.0
-832.0
1280.0
-832.0
3200.0
4992.0
4544.0
-704.0
2560.0
512.0
704.0
4416.0
-384.0
2432.0
768.0
1600.0
-1280.0
896.0
-2112.0
832.0
576.0
704.0
-64.0
256.0
-2112.0
576.0
-128.0
-896.0
-640.0
-1024.0
-256.0
-1664.0
0.0
-1984.0
-1728.0
-192.0
-2816.0
-128.0
-3776.0
-2240.0
-2560.0
-896.0
192.0
-1856.0
-768.0
2624.0
-3840.0
-1856.0
128.0
1216.0
2368.0
64.0
-448.0
-320.0
2560.0
512.0
2432.0
-896.0
2112.0
2752.0
1216.0
384.0
4480.0
3520.0
2304.0
2688.0
384.0
3520.0
-960.0
704.0
5824.0
4800.0
4160.0
-1792.0
-1472.0
2560.0
5824.0
576.0
-2560.0
64.0
-704.0
2944.0
-1088.0
-448.0
1408.0
-1984.0
-2368.0
576.0
320.0
1856.0
1088.0
-2944.0
-1920.0
-1088.0
-3200.0
-2688.0
-2368.0
64.0
64.0
-640.0
512.0
320.0
-2688.0
-1600.0
