-3136.0
-3392.0
-2944.0
22464.0
28736.0
15040.0
-704.0
-14464.0
-13056.0
-5184.0
5184.0
5696.0
2176.0
-5120.0
-4800.0
-4032.0
192.0
1280.0
-896.0
-1408.0
-2112.0
-1152.0
896.0
1408.0
5568.0
8448.0
8512.0
14016.0
17536.0
7104.0
3584.0
448.0
4992.0
6336.0
1344.0
-576.0
1152.0
1600.0
-128.0
-2368.0
-2432.0
-1664.0
64.0
-320.0
-384.0
-2112.0
-2560.0
-2944.0
-1280.0
-960.0
-1344.0
-1792.0
-640.0
2112.0
2240.0
1984.0
1920.0
2624.0
2048.0
1472.0
896.0
1216.0
1728.0
1664.0
1216.0
448.0
-1344.0
-1536.0
-1536.0
-640.0
-768.0
-768.0
-64.0
640.0
128.0
-1408.0
-1984.0
6400.0
7680.0
-192.0
-4288.0
-5440.0
-3264.0
-2432.0
-704.0
-768.0
-1088.0
8640.0
7744.0
5696.0
2176.0
3008.0
2560.0
3200.0
3392.0
3520.0
3840.0
3200.0
3264.0
4416.0
4160.0
3840.0
4416.0
2432.0
1856.0
960.0
-576.0
-896.0
-1536.0
-768.0
-1088.0
-320.0
-384.0
128.0
1024.0
1344.0
1088.0
512.0
320.0
1216.0
2048.0
2304.0
3008.0
3456.0
2880.0
1728.0
1856.0
2816.0
3520.0
2816.0
1408.0
1152.0
1408.0
1472.0
1600.0
-320.0
0.0
-192.0
-128.0
640.0
2880.0
3328.0
2944.0
1664.0
1792.0
1728.0
3776.0
4480.0
2048.0
896.0
-320.0
-384.0
704.0
832.0
1600.0
1728.0
1344.0
1792.0
2816.0
2368.0
2176.0
4672.0
960.0
-448.0
-768.0
-576.0
-1472.0
-576.0
128.0
512.0
1024.0
1728.0
1856.0
2304.0
3520.0
3840.0
3264.0
2304.0
-2112.0
0.0
2176.0
2496.0
2496.0
2496.0
2240.0
2688.0
640.0
2752.0
1472.0
-128.0
-896.0
-1664.0
-512.0
-128.0
1600.0
-448.0
1344.0
3072.0
3712.0
3008.0
2688.0
2304.0
-1280.0
1600.0
2624.0
2240.0
2368.0
2048.0
3776.0
4992.0
3008.0
2432.0
-1664.0
-1536.0
-128.0
-64.0
2048.0
704.0
1920.0
3392.0
3008.0
64.0
-320.0
-192.0
1536.0
3072.0
4288.0
3904.0
832.0
2560.0
3392.0
1280.0
-320.0
1216.0
3072.0
1856.0
2112.0
3328.0
3520.0
1024.0
-2432.0
-1984.0
1472.0
896.0
1536.0
576.0
320.0
1024.0
1664.0
-1600.0
-192.0
1280.0
3264.0
768.0
0.0
960.0
960.0
256.0
-640.0
-1536.0
768.0
2112.0
640.0
1920.0
1344.0
3712.0
3328.0
3392.0
384.0
896.0
-832.0
-768.0
1280.0
1536.0
640.0
-832.0
-576.0
-640.0
-1216.0
-256.0
1088.0
3584.0
6528.0
896.0
-768.0
512.0
-192.0
256.0
704.0
2624.0
1216.0
-704.0
-704.0
2176.0
3520.0
2624.0
3136.0
3392.0
3264.0
2496.0
3520.0
4224.0
3328.0
2432.0
448.0
1152.0
640.0
1536.0
-512.0
-1600.0
-256.0
-640.0
-256.0
-2368.0
0.0
128.0
3584.0
2240.0
4480.0
128.0
1728.0
1280.0
2624.0
3328.0
1600.0
-320.0
832.0
1792.0
2688.0
4992.0
-768.0
-1024.0
-960.0
-384.0
1344.0
2816.0
1408.0
1344.0
128.0
2752.0
1280.0
-512.0
0.0
1344.0
320.0
-1152.0
-1024.0
1792.0
1280.0
-256.0
-704.0
3520.0
4608.0
1600.0
2560.0
1408.0
-704.0
-640.0
576.0
384.0
2688.0
3648.0
2496.0
2560.0
1920.0
-448.0
-320.0
576.0
-1280.0
-960.0
-1152.0
-2304.0
-768.0
-2688.0
-448.0
-2112.0
2752.0
5120.0
4224.0
-768.0
-1856.0
-2112.0
-1536.0
-192.0
1856.0
-768.0
-2624.0
-256.0
2688.0
5120.0
9088.0
4352.0
2112.0
-1216.0
448.0
3456.0
1280.0
4480.0
2048.0
-1216.0
1472.0
1728.0
4416.0
2176.0
1792.0
448.0
1088.0
3008.0
1344.0
-1920.0
-1984.0
448.0
2432.0
4224.0
6464.0
2240.0
1472.0
-3264.0
-3392.0
-128.0
1536.0
1920.0
-2112.0
-1344.0
-1408.0
-320.0
-192.0
1216.0
768.0
64.0
448.0
-256.0
-768.0
-1344.0
-1792.0
192.0
4288.0
5184.0
2048.0
-1152.0
448.0
-320.0
2816.0
3072.0
1344.0
1280.0
704.0
3904.0
3264.0
1024.0
512.0
5248.0
2432.0
6592.0
-896.0
-1856.0
-3008.0
-1984.0
1280.0
3328.0
1152.0
-512.0
512.0
-1088.0
5120.0
5184.0
4096.0
1920.0
4736.0
1280.0
1536.0
832.0
-1792.0
-1728.0
-1344.0
768.0
640.0
-1472.0
-2560.0
576.0
2496.0
1536.0
1920.0
-896.0
-2496.0
-1728.0
3840.0
4800.0
9792.0
5696.0
3776.0
2944.0
2624.0
1280.0
128.0
1024.0
1472.0
1920.0
-896.0
-1152.0
-704.0
-1792.0
-4160.0
-4480.0
-5312.0
-3776.0
-3136.0
1024.0
-1216.0
-2176.0
1280.0
-1280.0
-2752.0
-2624.0
-1152.0
-320.0
4480.0
1792.0
256.0
5248.0
3200.0
5056.0
960.0
640.0
1472.0
4800.0
1728.0
3520.0
9984.0
9216.0
5376.0
1344.0
3712.0
-2880.0
-3840.0
-2368.0
256.0
1792.0
6336.0
5888.0
-3136.0
-960.0
3072.0
-2112.0
-4416.0
-4352.0
-4800.0
-960.0
3712.0
3584.0
-2176.0
-1344.0
-2368.0
-2240.0
960.0
4224.0
2624.0
-1856.0
-832.0
-448.0
-4032.0
-3648.0
-2752.0
0.0
0.0
-1472.0
4800.0
8256.0
704.0
2688.0
1344.0
448.0
-384.0
-1088.0
2304.0
-768.0
-1024.0
-256.0
2048.0
5248.0
5376.0
6720.0
1472.0
3072.0
-1728.0
-832.0
-2176.0
-1024.0
2304.0
-960.0
1024.0
2176.0
5696.0
-256.0
-1600.0
-512.0
-640.0
-1408.0
4800.0
3648.0
-128.0
704.0
-2752.0
-1024.0
-1728.0
704.0
-896.0
-960.0
1024.0
-384.0
256.0
5184.0
2816.0
-768.0
-1984.0
-4736.0
-768.0
1920.0
-2880.0
-1984.0
-3648.0
-1536.0
-4992.0
-2624.0
-2496.0
-512.0
5184.0
6144.0
1984.0
2432.0
256.0
576.0
448.0
3072.0
2560.0
1024.0
3776.0
4864.0
7744.0
6720.0
6080.0
704.0
1536.0
3264.0
2816.0
4800.0
6144.0
1792.0
-1856.0
-2048.0
-2752.0
-3136.0
-2624.0
-3840.0
-2624.0
-384.0
-512.0
-1024.0
-3712.0
-4160.0
-1536.0
704.0
-512.0
-2048.0
2688.0
192.0
576.0
-2048.0
832.0
2432.0
960.0
2112.0
4160.0
4672.0
64.0
2880.0
128.0
-2752.0
-896.0
-3328.0
-1472.0
2496.0
2944.0
4992.0
6464.0
5248.0
1536.0
-1536.0
512.0
1472.0
832.0
320.0
-1600.0
6656.0
3840.0
-1536.0
1536.0
256.0
1792.0
-64.0
3456.0
4480.0
8896.0
3264.0
1536.0
-896.0
768.0
-192.0
4928.0
832.0
512.0
-2176.0
-1856.0
-3392.0
-2240.0
-3776.0
-1024.0
320.0
-128.0
-3264.0
-3584.0
-2944.0
-4736.0
-4800.0
-4480.0
-1280.0
1280.0
5248.0
5120.0
5312.0
5952.0
8000.0
576.0
1344.0
2880.0
1088.0
3904.0
-704.0
7104.0
4352.0
5120.0
-2176.0
2048.0
-2880.0
-2880.0
-3264.0
2624.0
-320.0
-1600.0
2624.0
4928.0
5056.0
-320.0
448.0
1216.0
256.0
640.0
-448.0
-4416.0
-3520.0
-4928.0
-5760.0
1344.0
1920.0
3712.0
192.0
4096.0
1472.0
-768.0
-2624.0
-1664.0
-64.0
2432.0
-2880.0
-5952.0
5376.0
4864.0
2880.0
-2752.0
192.0
-2752.0
-4992.0
-1664.0
5632.0
3584.0
4224.0
3968.0
-2624.0
3200.0
2752.0
3328.0
7680.0
6592.0
1472.0
320.0
-2304.0
-5120.0
-3200.0
6016.0
6720.0
4544.0
3392.0
-4224.0
-3136.0
576.0
64.0
-2816.0
-5824.0
-1728.0
896.0
-7872.0
-9344.0
1856.0
8768.0
832.0
-3712.0
1088.0
2432.0
5056.0
2752.0
832.0
192.0
-1152.0
5696.0
2624.0
7936.0
7616.0
3968.0
2048.0
-832.0
6912.0
1280.0
5760.0
640.0
-3136.0
-1984.0
-1600.0
-5312.0
-1344.0
1600.0
-3520.0
128.0
-2304.0
-5504.0
192.0
5440.0
-1344.0
704.0
6592.0
128.0
1024.0
2624.0
448.0
-320.0
-768.0
1216.0
1344.0
256.0
-2048.0
-5632.0
-4352.0
-1152.0
-192.0
4736.0
3200.0
1920.0
9600.0
2880.0
-9664.0
-6912.0
0.0
5888.0
6144.0
8128.0
384.0
5632.0
13120.0
4864.0
2816.0
-256.0
5632.0
4992.0
3840.0
1344.0
3008.0
-576.0
192.0
-3392.0
-832.0
1216.0
-1472.0
-2944.0
-7488.0
-8768.0
-7360.0
-576.0
-3968.0
384.0
4928.0
4160.0
-4736.0
-4928.0
-1280.0
9408.0
6336.0
-640.0
-4864.0
-4544.0
2944.0
-640.0
0.0
6784.0
8896.0
-2176.0
-640.0
0.0
3904.0
12160.0
9408.0
-6720.0
-3968.0
5120.0
4608.0
8512.0
5120.0
1344.0
576.0
-6848.0
-6976.0
1600.0
-512.0
-4032.0
3328.0
704.0
-4160.0
-1344.0
896.0
2240.0
640.0
-128.0
320.0
-4416.0
-704.0
1280.0
1152.0
-3264.0
1856.0
2688.0
-2368.0
-6592.0
-2560.0
-1088.0
-1600.0
2816.0
5760.0
10688.0
4928.0
-2240.0
2688.0
8576.0
5056.0
-704.0
-3520.0
-1024.0
2880.0
3456.0
4480.0
4544.0
1664.0
2560.0
512.0
-1664.0
-1792.0
-3584.0
-7808.0
-10624.0
-9408.0
0.0
-1152.0
-960.0
-4992.0
-2304.0
-3520.0
-2624.0
-704.0
1088.0
1920.0
2560.0
6336.0
6016.0
4736.0
5696.0
5376.0
-3776.0
-6656.0
-2304.0
4032.0
12032.0
1664.0
320.0
320.0
-960.0
1984.0
1664.0
-3328.0
-4928.0
-640.0
576.0
-1088.0
0.0
4480.0
4416.0
-3264.0
128.0
2112.0
3712.0
2176.0
1472.0
2112.0
2752.0
-2304.0
-3328.0
-1216.0
-1216.0
1984.0
-768.0
576.0
2432.0
2624.0
1088.0
-2304.0
-9344.0
-8704.0
-4352.0
-2816.0
-2816.0
2368.0
11392.0
11584.0
384.0
1856.0
8320.0
12288.0
10112.0
2880.0
-960.0
-2112.0
-4416.0
-1856.0
-1664.0
-3648.0
-5632.0
-5248.0
-9088.0
-4480.0
-2688.0
-1600.0
-2112.0
-1344.0
-1984.0
-1024.0
-576.0
-832.0
-2560.0
448.0
192.0
448.0
2112.0
1728.0
1024.0
1408.0
576.0
-3968.0
2944.0
1792.0
256.0
1920.0
384.0
-1408.0
5568.0
16192.0
1024.0
-2112.0
-4352.0
-64.0
-1920.0
-640.0
320.0
-1984.0
-256.0
-1536.0
-3072.0
-960.0
1216.0
192.0
-64.0
896.0
704.0
1920.0
1792.0
1920.0
1536.0
1856.0
576.0
-6912.0
-5312.0
-3136.0
-3584.0
-2432.0
-3200.0
-832.0
1280.0
2112.0
-2176.0
-128.0
-576.0
1216.0
3392.0
9664.0
17152.0
3712.0
2176.0
1408.0
2880.0
2432.0
2560.0
2048.0
-256.0
-320.0
-17600.0
-2240.0
-2560.0
-8320.0
-6528.0
-2752.0
-2752.0
-3968.0
-960.0
768.0
-1920.0
2176.0
2752.0
3200.0
8256.0
4800.0
3264.0
-2240.0
64.0
4224.0
6720.0
7616.0
-1088.0
-768.0
-1088.0
-1344.0
-1856.0
-2752.0
-3712.0
-2880.0
4224.0
6912.0
6400.0
-2944.0
-3008.0
-576.0
-576.0
1664.0
960.0
960.0
192.0
2048.0
2304.0
512.0
-2112.0
-192.0
2560.0
-576.0
384.0
2176.0
-640.0
-6144.0
-7424.0
-4288.0
-5440.0
-5120.0
-896.0
-1728.0
-704.0
1600.0
384.0
9728.0
19776.0
6208.0
5568.0
256.0
1728.0
640.0
576.0
-64.0
1344.0
-1344.0
-6592.0
-4992.0
-4544.0
-4608.0
-1984.0
-1152.0
-2624.0
-960.0
-7808.0
-5632.0
-2240.0
64.0
1088.0
3328.0
4544.0
8960.0
1280.0
-64.0
-1344.0
-704.0
384.0
0.0
5184.0
320.0
-5376.0
4672.0
15808.0
6464.0
1664.0
-576.0
-4928.0
-768.0
1024.0
3264.0
-1216.0
-832.0
-2048.0
-5056.0
768.0
3648.0
1664.0
320.0
-1664.0
-384.0
-128.0
704.0
128.0
320.0
768.0
64.0
768.0
-448.0
-8704.0
-10368.0
-6016.0
-768.0
-1600.0
-1920.0
-3840.0
-64.0
6464.0
7744.0
4032.0
3072.0
2304.0
6400.0
6784.0
4224.0
11840.0
5056.0
-128.0
-1344.0
-1600.0
-2560.0
-13312.0
-7552.0
-1856.0
-3008.0
-4608.0
-3072.0
-1408.0
-3264.0
-960.0
1024.0
3840.0
4288.0
5120.0
2432.0
-320.0
-1728.0
-3392.0
-1664.0
1600.0
4864.0
-1408.0
-960.0
-64.0
-5696.0
-4416.0
1088.0
11008.0
6784.0
-5120.0
-2688.0
5056.0
1216.0
-6976.0
-3968.0
-1344.0
3392.0
1088.0
3520.0
768.0
448.0
384.0
-512.0
-2560.0
1728.0
4096.0
3136.0
7936.0
11648.0
1408.0
-14464.0
-13568.0
-10432.0
-4480.0
-3712.0
-2560.0
4544.0
2944.0
-2688.0
-1664.0
12352.0
13376.0
9536.0
4224.0
1856.0
832.0
-960.0
0.0
-640.0
-448.0
64.0
-384.0
-3520.0
-2176.0
-576.0
-704.0
-1152.0
-2816.0
-2112.0
896.0
3584.0
-3968.0
-3456.0
192.0
8064.0
512.0
-768.0
-3840.0
-2048.0
-640.0
1216.0
3072.0
-3136.0
-1536.0
-1408.0
1600.0
6208.0
2176.0
5440.0
9664.0
-9280.0
-8704.0
-5504.0
1920.0
15488.0
-2560.0
-2624.0
-1920.0
-9536.0
-5696.0
-1088.0
192.0
-320.0
2240.0
3712.0
8320.0
7360.0
4736.0
1984.0
-2816.0
-1536.0
-6592.0
-9344.0
-4160.0
-8704.0
-11776.0
-10176.0
-2944.0
-5248.0
4992.0
13696.0
11264.0
2176.0
9408.0
6592.0
7104.0
3328.0
-640.0
-6144.0
3328.0
3968.0
3840.0
-2880.0
-1984.0
-640.0
2368.0
-1024.0
512.0
-1920.0
256.0
-1664.0
-5248.0
-6400.0
-1088.0
2880.0
1216.0
704.0
-2688.0
768.0
-1216.0
-1984.0
832.0
576.0
2176.0
-1216.0
-1280.0
-960.0
-640.0
5760.0
576.0
3392.0
5376.0
-4608.0
1472.0
-704.0
1216.0
-448.0
2112.0
3712.0
1536.0
-320.0
320.0
-2880.0
-4544.0
3712.0
7168.0
7488.0
5888.0
-4352.0
-6848.0
-13568.0
-9856.0
-3648.0
1664.0
5056.0
5952.0
1792.0
-3584.0
-5312.0
4416.0
4992.0
4800.0
9536.0
7168.0
-4800.0
-2304.0
128.0
-768.0
-6080.0
-2752.0
-1216.0
7936.0
5632.0
10816.0
2368.0
-11456.0
-10944.0
2304.0
18624.0
13056.0
-2432.0
-3584.0
-10176.0
-13632.0
-2816.0
1920.0
-64.0
576.0
1984.0
2560.0
3200.0
-4032.0
-3200.0
-11456.0
-3200.0
0.0
-4480.0
-3712.0
13504.0
19840.0
4800.0
-9152.0
-5760.0
-2112.0
5824.0
8000.0
2112.0
2304.0
128.0
128.0
448.0
128.0
704.0
1280.0
512.0
-2304.0
-1344.0
-1472.0
-3008.0
-4160.0
-6144.0
-8640.0
-1344.0
-1984.0
-3072.0
-1408.0
8832.0
6016.0
2752.0
5952.0
9280.0
13440.0
15360.0
0.0
-2304.0
-3648.0
-5632.0
-3520.0
3008.0
2368.0
-1408.0
-4224.0
-3520.0
-3136.0
-2496.0
-2432.0
-256.0
-1984.0
-448.0
3456.0
3072.0
3264.0
-1728.0
-3008.0
-3328.0
-3136.0
-2240.0
3648.0
960.0
-1216.0
-3136.0
-9280.0
-3264.0
-640.0
-1216.0
-512.0
10944.0
6080.0
1856.0
-1024.0
-6656.0
-1152.0
2624.0
7680.0
10112.0
4352.0
576.0
-1216.0
-640.0
-3136.0
-3008.0
960.0
3776.0
4288.0
-3712.0
-3200.0
-12928.0
-11008.0
-9856.0
-3200.0
-2304.0
384.0
-1408.0
1920.0
192.0
-2368.0
-1024.0
1408.0
-2816.0
-832.0
-4160.0
-2432.0
-3072.0
-2560.0
-6208.0
-17536.0
-14848.0
-5120.0
-10752.0
-14464.0
-15168.0
-14656.0
-15872.0
-15488.0
-9728.0
-13888.0
-15680.0
-15424.0
-13952.0
-14976.0
-11264.0
-7040.0
-4608.0
-3648.0
-5120.0
-3584.0
-3136.0
-3072.0
-2752.0
-1280.0
-448.0
29760.0
13824.0
2752.0
13056.0
1984.0
1024.0
7232.0
3200.0
0.0
2432.0
10944.0
1088.0
2880.0
5632.0
704.0
4864.0
5120.0
1664.0
2688.0
3776.0
1984.0
8896.0
4992.0
7232.0
8064.0
5312.0
2816.0
640.0
-2816.0
-1920.0
4032.0
2944.0
15488.0
10112.0
3840.0
9024.0
4864.0
10240.0
4480.0
6208.0
-1344.0
12736.0
1664.0
-4160.0
-1856.0
640.0
-1984.0
-4672.0
-2880.0
-5824.0
-5888.0
-6336.0
-7552.0
-9280.0
-8000.0
-5824.0
512.0
8384.0
5248.0
-6976.0
-2752.0
-512.0
-2368.0
-3456.0
1216.0
4544.0
-4480.0
-4096.0
-2048.0
10752.0
-1664.0
-1792.0
1536.0
4224.0
640.0
11072.0
2944.0
-4096.0
6976.0
8704.0
7680.0
3968.0
6400.0
2176.0
7488.0
4160.0
-960.0
4352.0
9152.0
7616.0
-832.0
4096.0
5888.0
2560.0
1536.0
-1728.0
2752.0
5504.0
5760.0
-2176.0
2816.0
2816.0
1472.0
4096.0
7232.0
4416.0
1152.0
3712.0
8064.0
3264.0
-1984.0
1408.0
-6272.0
-3328.0
-2688.0
1152.0
-4096.0
-2624.0
4736.0
4352.0
-1472.0
-8128.0
-7616.0
1600.0
-5760.0
-2624.0
2304.0
1600.0
128.0
3136.0
-3008.0
64.0
-896.0
-3648.0
-4032.0
512.0
-2048.0
-3456.0
6208.0
-1408.0
-3904.0
-13760.0
-11072.0
-12608.0
-15232.0
-16448.0
-16320.0
-10688.0
-7296.0
-3648.0
-2624.0
-4096.0
1216.0
4672.0
-3456.0
-832.0
640.0
-9152.0
-2176.0
4736.0
-6528.0
-9664.0
-5568.0
-8832.0
-10944.0
4992.0
-448.0
-9792.0
-1088.0
-704.0
-6400.0
-4160.0
-4928.0
-4672.0
-4544.0
-4800.0
-2112.0
-2048.0
-2624.0
-2240.0
-4480.0
-5888.0
-5120.0
-4224.0
-3264.0
-2624.0
-512.0
-256.0
64.0
-832.0
-384.0
-1344.0
-6528.0
-3968.0
-3520.0
-2688.0
-64.0
-320.0
64.0
576.0
-3456.0
-2112.0
192.0
-3584.0
512.0
-1344.0
576.0
2112.0
-448.0
-1024.0
128.0
256.0
0.0
-1536.0
-3072.0
-3392.0
-1280.0
2048.0
-1472.0
-1216.0
-320.0
-512.0
-2112.0
-2048.0
192.0
640.0
-1408.0
-704.0
-256.0
1088.0
-2432.0
768.0
16064.0
1408.0
-5888.0
-14272.0
3520.0
-1280.0
-8128.0
-14336.0
-1472.0
832.0
-9920.0
-9088.0
-4480.0
-6848.0
-6976.0
-4864.0
-4608.0
-9536.0
-4224.0
-2944.0
-6016.0
-3264.0
-3904.0
-3328.0
-3456.0
-2432.0
-2752.0
-1792.0
-2304.0
-1536.0
-256.0
-1472.0
-448.0
384.0
1728.0
512.0
-256.0
832.0
1472.0
128.0
-64.0
-64.0
-512.0
256.0
-512.0
896.0
640.0
-1216.0
-1280.0
320.0
-704.0
128.0
-832.0
-1408.0
-1728.0
-2688.0
-2432.0
-3328.0
-1856.0
-1920.0
-4544.0
-2176.0
-1536.0
-4160.0
-3008.0
-2688.0
-3264.0
-4992.0
-5760.0
-7936.0
-6080.0
-4864.0
-5120.0
-5632.0
-1920.0
-3136.0
-704.0
-320.0
-1024.0
-2560.0
-2688.0
-2816.0
-2944.0
-3072.0
1984.0
1600.0
3712.0
1472.0
896.0
3008.0
10880.0
32384.0
32384.0
9600.0
5824.0
2048.0
2432.0
4672.0
-2624.0
2368.0
3584.0
1344.0
9856.0
10624.0
3264.0
-4544.0
-704.0
5056.0
-4224.0
-1216.0
1536.0
1792.0
5312.0
-768.0
-1024.0
-2048.0
-2176.0
-512.0
-4672.0
-2880.0
-1152.0
-2752.0
-3712.0
-3584.0
-704.0
-2048.0
-2944.0
-192.0
-512.0
-1152.0
-512.0
64.0
-1792.0
-320.0
512.0
704.0
256.0
-1024.0
-1344.0
-64.0
-1280.0
-1024.0
-2624.0
-1600.0
320.0
256.0
320.0
0.0
1728.0
704.0
-2176.0
-704.0
-320.0
128.0
1024.0
768.0
832.0
2816.0
1792.0
2304.0
448.0
1856.0
2112.0
448.0
2240.0
896.0
1280.0
2240.0
448.0
1024.0
640.0
832.0
1024.0
2240.0
1664.0
2368.0
1792.0
2880.0
1280.0
1344.0
1152.0
3136.0
1984.0
3264.0
3968.0
4288.0
4992.0
1472.0
-3072.0
1024.0
256.0
-2560.0
-768.0
1984.0
-832.0
-2752.0
-2304.0
512.0
-1856.0
-896.0
-448.0
-2944.0
-2112.0
-1280.0
-1280.0
-960.0
-2944.0
-2752.0
-2304.0
-1600.0
-1792.0
-960.0
-2560.0
-1408.0
-768.0
-768.0
-1984.0
-768.0
512.0
-192.0
-64.0
1280.0
2304.0
2688.0
-896.0
2112.0
1856.0
2688.0
2368.0
384.0
192.0
2624.0
2688.0
2176.0
4928.0
1920.0
1280.0
3392.0
640.0
512.0
1344.0
576.0
3648.0
1344.0
-320.0
320.0
512.0
1152.0
-640.0
-1088.0
-64.0
384.0
192.0
-2368.0
-2112.0
320.0
768.0
-1152.0
-256.0
-3584.0
-2880.0
-960.0
384.0
-2112.0
-1600.0
-256.0
-3200.0
-384.0
-320.0
-2944.0
-1664.0
0.0
448.0
832.0
640.0
64.0
1280.0
-256.0
-960.0
320.0
1088.0
-384.0
2560.0
6272.0
4032.0
2432.0
1024.0
-256.0
1216.0
5888.0
2240.0
3200.0
-1216.0
2240.0
2240.0
4032.0
2304.0
-1856.0
64.0
