-3008.0
-2624.0
-2944.0
-768.0
31232.0
30336.0
19584.0
-13568.0
-19904.0
-10688.0
-2048.0
3712.0
6464.0
-4224.0
-7232.0
-4416.0
-1472.0
4224.0
5440.0
6080.0
5184.0
2880.0
3136.0
9664.0
12992.0
7296.0
-2368.0
-8960.0
-2368.0
3072.0
5952.0
832.0
-2624.0
-3520.0
-2880.0
-1664.0
2112.0
2176.0
1152.0
0.0
576.0
1920.0
1856.0
896.0
-832.0
-1088.0
576.0
832.0
-256.0
-2304.0
-2752.0
-2560.0
-1728.0
-1280.0
-1024.0
0.0
-64.0
576.0
704.0
1152.0
2112.0
1664.0
1536.0
-1472.0
-1984.0
-2048.0
-1920.0
-704.0
576.0
384.0
320.0
-448.0
-832.0
-320.0
-256.0
-640.0
-256.0
-384.0
-320.0
1088.0
1088.0
-1984.0
-7808.0
-10496.0
-9280.0
-6528.0
-3968.0
-5888.0
960.0
4544.0
6720.0
5120.0
6592.0
5760.0
7488.0
6272.0
6528.0
6080.0
6336.0
5824.0
4992.0
5120.0
5632.0
4160.0
3776.0
2560.0
2560.0
2304.0
1728.0
1472.0
704.0
-1472.0
-2432.0
-2240.0
-1280.0
0.0
1792.0
448.0
-640.0
-64.0
192.0
-384.0
-128.0
1856.0
1472.0
768.0
1856.0
3584.0
3584.0
1984.0
1600.0
2560.0
2944.0
3392.0
1216.0
256.0
-64.0
768.0
2112.0
2496.0
1792.0
-576.0
-192.0
-128.0
832.0
-384.0
1984.0
3520.0
3072.0
832.0
832.0
2752.0
2944.0
1856.0
1536.0
2304.0
3328.0
2688.0
1088.0
256.0
384.0
640.0
-1088.0
640.0
1920.0
640.0
-1408.0
384.0
1856.0
3328.0
3840.0
2816.0
3520.0
2304.0
-1152.0
-1024.0
-1088.0
-768.0
-1152.0
1920.0
704.0
832.0
2048.0
3328.0
3072.0
3456.0
4672.0
2688.0
2560.0
3328.0
832.0
-768.0
-960.0
1216.0
1408.0
-512.0
768.0
704.0
1280.0
2240.0
2624.0
2944.0
4544.0
2496.0
-1024.0
-1088.0
-512.0
-128.0
1088.0
1152.0
1856.0
2176.0
2560.0
2944.0
3008.0
1664.0
768.0
-1024.0
-1152.0
768.0
2816.0
3456.0
2496.0
1984.0
1152.0
704.0
768.0
384.0
-192.0
1856.0
640.0
-192.0
2368.0
3200.0
2624.0
960.0
256.0
3520.0
1024.0
-2240.0
-640.0
3328.0
2816.0
3584.0
4224.0
2432.0
576.0
1408.0
384.0
-320.0
1152.0
0.0
1664.0
640.0
1216.0
2496.0
1408.0
-128.0
-896.0
832.0
1600.0
2560.0
1088.0
704.0
576.0
2048.0
704.0
-1024.0
-2368.0
2112.0
2432.0
1408.0
2112.0
-384.0
448.0
-1856.0
-128.0
448.0
-64.0
1536.0
1728.0
192.0
2048.0
3392.0
4032.0
2112.0
3072.0
-1344.0
1088.0
512.0
320.0
-128.0
-704.0
1664.0
-512.0
-832.0
768.0
320.0
64.0
4672.0
4864.0
3200.0
-64.0
-1152.0
1088.0
2240.0
-2048.0
128.0
-64.0
128.0
192.0
-256.0
-1024.0
1792.0
5632.0
1344.0
2880.0
3328.0
320.0
-384.0
3712.0
2624.0
4416.0
3520.0
1472.0
-3712.0
-3200.0
-2176.0
3072.0
4608.0
1344.0
3008.0
-64.0
-2368.0
-1856.0
0.0
-448.0
-256.0
1920.0
3776.0
448.0
-1472.0
640.0
3712.0
2496.0
3520.0
5120.0
-576.0
2304.0
2496.0
640.0
1536.0
2176.0
2496.0
1152.0
-576.0
-2880.0
-3200.0
-320.0
2368.0
384.0
2752.0
-256.0
-704.0
256.0
-384.0
2688.0
2752.0
-1344.0
-1408.0
-1664.0
1088.0
2624.0
1408.0
1280.0
384.0
2240.0
448.0
1216.0
2560.0
3072.0
2880.0
1920.0
448.0
0.0
2048.0
2368.0
3072.0
-1216.0
-704.0
-2112.0
-768.0
-64.0
1024.0
448.0
-3328.0
-3008.0
768.0
-448.0
-192.0
4480.0
-128.0
-1664.0
-3264.0
-640.0
448.0
3456.0
6656.0
4224.0
1408.0
384.0
1280.0
5696.0
6080.0
4928.0
192.0
2368.0
640.0
-192.0
704.0
256.0
-896.0
-1280.0
1408.0
3776.0
6208.0
1664.0
576.0
320.0
-2240.0
-1856.0
-1280.0
-1152.0
640.0
3648.0
4224.0
4928.0
4352.0
1664.0
384.0
-1792.0
-1280.0
-1600.0
832.0
-1408.0
-4480.0
-320.0
1472.0
1216.0
1792.0
3584.0
-256.0
-768.0
1344.0
-3456.0
-1024.0
-1344.0
-1728.0
-448.0
192.0
2304.0
-384.0
448.0
448.0
3008.0
2240.0
5248.0
5184.0
768.0
-1152.0
-1728.0
2240.0
6016.0
2560.0
-2496.0
-2368.0
128.0
1408.0
-1024.0
-3648.0
-960.0
-128.0
5568.0
5248.0
448.0
-1664.0
-2688.0
-1600.0
1344.0
2176.0
-1088.0
-896.0
1664.0
4992.0
3584.0
4288.0
3008.0
3136.0
960.0
-512.0
-2496.0
-5440.0
-1920.0
-1088.0
1152.0
3072.0
-960.0
-1216.0
-576.0
-1920.0
3200.0
7040.0
3520.0
3136.0
1792.0
2560.0
832.0
960.0
1088.0
768.0
-320.0
-2240.0
-3136.0
-2176.0
-3328.0
960.0
192.0
-2112.0
-3392.0
-1088.0
1280.0
2112.0
2688.0
1856.0
2240.0
-1408.0
-1664.0
-2432.0
0.0
1920.0
7552.0
2688.0
2624.0
384.0
-1024.0
1344.0
1216.0
-1088.0
1792.0
2240.0
2880.0
192.0
4480.0
5568.0
6464.0
3776.0
-1600.0
-3776.0
-3904.0
-1792.0
2304.0
2752.0
3328.0
2880.0
-576.0
-1088.0
-384.0
704.0
2048.0
-768.0
-768.0
-2688.0
-2496.0
-832.0
1216.0
2752.0
2048.0
-2304.0
-2560.0
-2816.0
192.0
896.0
1088.0
1024.0
1152.0
-512.0
-2112.0
-3392.0
-384.0
-1152.0
-1152.0
640.0
5120.0
3008.0
1408.0
-128.0
-3136.0
-2048.0
-4672.0
-1600.0
-2816.0
0.0
3264.0
3392.0
4032.0
4864.0
-2368.0
640.0
2432.0
1280.0
1408.0
4480.0
-64.0
2048.0
-704.0
1152.0
3904.0
-64.0
-2176.0
-2624.0
-2112.0
2432.0
2048.0
4032.0
-448.0
-960.0
576.0
-1088.0
-2112.0
-3392.0
-1728.0
-1536.0
-1792.0
-320.0
2304.0
2944.0
1408.0
2688.0
4160.0
2624.0
-832.0
-2240.0
-3456.0
-1088.0
-4160.0
-1984.0
2048.0
-384.0
-1664.0
-3776.0
-3776.0
576.0
2752.0
6592.0
1216.0
2304.0
2816.0
320.0
4352.0
5120.0
4608.0
4096.0
-768.0
3840.0
6720.0
6656.0
6848.0
-2688.0
-704.0
-64.0
3264.0
3328.0
2560.0
-1216.0
-1216.0
-2176.0
-1088.0
-3328.0
-3712.0
-2240.0
1024.0
3328.0
1152.0
-1920.0
-2240.0
-3264.0
-1216.0
1792.0
-576.0
704.0
2304.0
576.0
-960.0
-832.0
-1408.0
-1280.0
-2176.0
-1408.0
1984.0
-1152.0
768.0
-2880.0
2880.0
2752.0
-1728.0
-3840.0
1536.0
4096.0
7360.0
-2112.0
192.0
-640.0
384.0
9984.0
9856.0
6528.0
-1088.0
960.0
-5632.0
-2112.0
-1024.0
-256.0
1600.0
-3136.0
-1216.0
-768.0
2112.0
7744.0
6464.0
64.0
704.0
1088.0
384.0
-128.0
64.0
1280.0
1344.0
-2176.0
-3520.0
-2816.0
-512.0
-2304.0
1536.0
960.0
320.0
-832.0
-1344.0
-3072.0
-4800.0
-2944.0
448.0
1856.0
0.0
-2432.0
2624.0
1280.0
2880.0
2944.0
3648.0
832.0
-1600.0
3328.0
6272.0
-448.0
-2112.0
3776.0
3264.0
5440.0
4352.0
6976.0
-704.0
-3264.0
-384.0
-448.0
960.0
896.0
2368.0
512.0
960.0
-1088.0
1856.0
128.0
0.0
-1536.0
-2688.0
-4032.0
-5248.0
-3712.0
-3072.0
-3328.0
64.0
832.0
2176.0
3008.0
-576.0
-2752.0
-2752.0
-1856.0
-2240.0
-1408.0
-1408.0
-1664.0
1152.0
3648.0
2688.0
-896.0
576.0
1024.0
2432.0
4352.0
3264.0
3584.0
4224.0
2688.0
5696.0
1728.0
2624.0
2240.0
2432.0
-1152.0
-576.0
-960.0
-4800.0
-2496.0
-512.0
-320.0
-3136.0
448.0
1728.0
3264.0
4608.0
3840.0
3328.0
-1728.0
-1984.0
-1408.0
-640.0
-1152.0
-1280.0
-2496.0
-4224.0
-4480.0
-2624.0
0.0
-576.0
1024.0
768.0
1920.0
2048.0
512.0
3328.0
1664.0
3776.0
6144.0
8000.0
5760.0
1792.0
-192.0
2304.0
7616.0
2880.0
192.0
-2624.0
-5248.0
-3520.0
-1088.0
-1920.0
64.0
1152.0
-4672.0
-1536.0
-4416.0
1536.0
256.0
2240.0
5056.0
1088.0
256.0
576.0
448.0
-1920.0
-1600.0
-3072.0
-1728.0
-2624.0
-2496.0
-3072.0
-2624.0
-2048.0
3264.0
1728.0
896.0
-2048.0
1472.0
3648.0
6208.0
4096.0
2240.0
768.0
2048.0
1408.0
-4800.0
-2304.0
4416.0
7552.0
3200.0
7808.0
4480.0
-4032.0
-832.0
3328.0
6720.0
3136.0
-192.0
-1472.0
-4352.0
-3840.0
-3200.0
2560.0
3520.0
2880.0
832.0
-1920.0
0.0
-3008.0
-3264.0
-896.0
2176.0
512.0
-1600.0
832.0
3584.0
3648.0
-2048.0
-1152.0
-2176.0
-2048.0
-128.0
1216.0
2048.0
1088.0
5184.0
192.0
4928.0
-2368.0
-1408.0
512.0
576.0
8192.0
4864.0
2368.0
3584.0
5440.0
1216.0
3200.0
2624.0
-640.0
-2560.0
-1472.0
-6208.0
-6016.0
-3904.0
-2240.0
-640.0
2304.0
1536.0
-3712.0
-3456.0
-6592.0
-6528.0
-1600.0
640.0
6912.0
7552.0
448.0
576.0
2112.0
1152.0
-4608.0
-5952.0
-2048.0
9984.0
9664.0
5952.0
1280.0
-448.0
2304.0
512.0
-512.0
-2560.0
640.0
-6912.0
384.0
3648.0
3008.0
1024.0
-1728.0
5568.0
9792.0
2624.0
-1280.0
192.0
-2496.0
-10112.0
-10368.0
-3904.0
2624.0
5696.0
3136.0
6528.0
7168.0
4992.0
384.0
-704.0
-320.0
-7680.0
-4800.0
-256.0
7296.0
13504.0
6400.0
-6912.0
-6400.0
-3200.0
11712.0
9856.0
3264.0
1536.0
-896.0
-512.0
320.0
4736.0
5632.0
704.0
-1792.0
-2368.0
-2304.0
-64.0
1216.0
2752.0
4480.0
2624.0
-1152.0
-3328.0
-8256.0
-1280.0
-1344.0
-3840.0
-7552.0
-4864.0
-5504.0
-1024.0
320.0
8320.0
3008.0
7616.0
5312.0
0.0
448.0
-2496.0
-5504.0
-7232.0
-10816.0
3456.0
10240.0
10688.0
6528.0
6976.0
320.0
-960.0
8704.0
11904.0
-384.0
-4864.0
-2624.0
-1600.0
-3264.0
2944.0
2816.0
2240.0
1600.0
2624.0
1408.0
832.0
1408.0
1024.0
-7808.0
896.0
2944.0
2496.0
-1024.0
-3008.0
-2176.0
-11968.0
-8960.0
128.0
-256.0
-2560.0
1728.0
448.0
-704.0
320.0
3520.0
896.0
2816.0
1536.0
5952.0
12544.0
6912.0
1728.0
-576.0
960.0
960.0
64.0
-704.0
-1664.0
-2944.0
-6464.0
-4224.0
-1856.0
-3456.0
-2880.0
-2560.0
-1088.0
-1344.0
-256.0
896.0
1280.0
1664.0
2432.0
2944.0
1792.0
2112.0
896.0
2304.0
-320.0
192.0
2240.0
0.0
-5312.0
448.0
-3840.0
-6592.0
-3456.0
-3712.0
-2048.0
2816.0
6400.0
9216.0
2240.0
4864.0
6464.0
1408.0
-960.0
448.0
-1984.0
-2112.0
-1536.0
-320.0
-1920.0
-2688.0
-1024.0
-128.0
-768.0
-192.0
-640.0
1664.0
1344.0
1472.0
3136.0
1600.0
2048.0
2816.0
-384.0
-5312.0
128.0
832.0
-2048.0
-2176.0
-320.0
-3456.0
-4544.0
-1600.0
3072.0
11904.0
13632.0
4416.0
4672.0
5952.0
2880.0
4224.0
640.0
2496.0
832.0
896.0
2048.0
1984.0
1216.0
576.0
-10688.0
-14784.0
-16192.0
-2240.0
-960.0
1088.0
-1152.0
-2368.0
-1728.0
-2048.0
-1536.0
-960.0
320.0
-2944.0
-3072.0
576.0
1280.0
960.0
896.0
2560.0
2048.0
2688.0
2944.0
3584.0
4032.0
2432.0
4032.0
3136.0
1984.0
-448.0
1408.0
512.0
512.0
768.0
448.0
-1728.0
320.0
1856.0
0.0
128.0
-4480.0
-5376.0
-6656.0
-6912.0
-4480.0
-512.0
-64.0
-576.0
-1984.0
-3200.0
-384.0
576.0
-256.0
-192.0
1152.0
448.0
2432.0
10496.0
3328.0
3584.0
3200.0
5952.0
3904.0
3968.0
-2240.0
-1792.0
-896.0
-8768.0
-10304.0
-5888.0
-4352.0
-5056.0
-2880.0
-256.0
-384.0
1152.0
320.0
2048.0
1600.0
2304.0
3072.0
4032.0
8704.0
4800.0
128.0
-1344.0
1472.0
-1408.0
-8448.0
-10368.0
-8512.0
-5120.0
-2688.0
576.0
8000.0
13632.0
2496.0
6272.0
13376.0
-576.0
-2944.0
-3456.0
-3392.0
-2752.0
-2432.0
-1600.0
576.0
2112.0
6720.0
5376.0
832.0
1024.0
896.0
1920.0
1408.0
128.0
-2624.0
-960.0
-1472.0
-4224.0
-6016.0
-5952.0
-4160.0
-3712.0
-5056.0
-2240.0
-3136.0
-2112.0
18176.0
12672.0
3584.0
1984.0
2304.0
-448.0
-256.0
5952.0
3136.0
1472.0
-832.0
896.0
768.0
-128.0
576.0
-832.0
-17088.0
-15424.0
-192.0
-1024.0
-1920.0
-960.0
-2624.0
-3456.0
13952.0
15040.0
-2688.0
-5184.0
-2624.0
-9856.0
-3392.0
-1920.0
4032.0
10112.0
19264.0
15168.0
8576.0
3008.0
320.0
-3648.0
-4992.0
-5696.0
-7872.0
-6144.0
-2048.0
-384.0
-512.0
3264.0
5120.0
-512.0
2752.0
8064.0
7360.0
-1024.0
128.0
-1600.0
-2048.0
-3584.0
-3584.0
-4480.0
-10304.0
-14720.0
-5120.0
-768.0
-2880.0
-1792.0
192.0
10496.0
15488.0
-896.0
-3072.0
-3136.0
-1344.0
2688.0
2688.0
9472.0
15296.0
9984.0
4416.0
-5888.0
-9152.0
-8192.0
-9152.0
-5888.0
-5888.0
-4032.0
-3008.0
-1024.0
-64.0
320.0
1728.0
1536.0
0.0
4160.0
2688.0
6016.0
3648.0
3520.0
5248.0
960.0
1856.0
-4800.0
-15168.0
-3520.0
-2112.0
-384.0
3904.0
-896.0
-1600.0
1088.0
-576.0
3072.0
-1600.0
-8000.0
4288.0
8448.0
7680.0
192.0
-2880.0
-1536.0
4928.0
4416.0
512.0
1344.0
2496.0
3392.0
1920.0
4416.0
4288.0
5184.0
-1088.0
-3456.0
-512.0
-4352.0
-2816.0
-10688.0
-12992.0
-13056.0
-3072.0
-3776.0
-4352.0
-1920.0
128.0
18624.0
8192.0
1472.0
3200.0
-704.0
-2496.0
2304.0
320.0
0.0
1792.0
1664.0
3072.0
2432.0
1280.0
3136.0
6528.0
2560.0
1344.0
1344.0
-11072.0
-10688.0
-9024.0
-3776.0
896.0
-5888.0
-5568.0
-7424.0
-1088.0
-128.0
704.0
5760.0
6592.0
7616.0
8704.0
6656.0
2176.0
768.0
2048.0
3840.0
1024.0
384.0
-832.0
-128.0
8064.0
2112.0
2112.0
-1600.0
-1408.0
-64.0
1600.0
-896.0
-1216.0
-13952.0
512.0
1728.0
2944.0
576.0
-4160.0
-6144.0
-9984.0
-10176.0
-5632.0
-2368.0
320.0
1600.0
1792.0
1280.0
-128.0
1984.0
5184.0
11072.0
12416.0
7488.0
2368.0
-384.0
-4480.0
-5312.0
-5888.0
-9408.0
-10368.0
-7296.0
-2944.0
-1856.0
1024.0
2368.0
5184.0
2432.0
1792.0
1728.0
6976.0
896.0
576.0
0.0
2112.0
3008.0
5696.0
-3264.0
-6144.0
-5568.0
-4864.0
-6016.0
-9152.0
-1280.0
3072.0
-384.0
-2560.0
2048.0
7232.0
5952.0
-2176.0
-2560.0
-2496.0
-128.0
1600.0
1280.0
1152.0
5440.0
3904.0
4288.0
4672.0
192.0
-64.0
3584.0
3072.0
960.0
3904.0
1472.0
-640.0
-1984.0
-1088.0
-3840.0
-13184.0
-12096.0
-7744.0
-6848.0
-3072.0
-1728.0
-5248.0
-5824.0
27776.0
28544.0
-64.0
-4224.0
-5184.0
-3520.0
-4992.0
-5376.0
-2240.0
-1664.0
5248.0
9344.0
7680.0
4160.0
-384.0
-4224.0
-7360.0
-4416.0
-11200.0
-11392.0
-6592.0
-6016.0
-12928.0
-12352.0
-5568.0
-8512.0
-12544.0
-12992.0
-14336.0
-11520.0
-8000.0
-16960.0
-11072.0
-8640.0
-13696.0
-15104.0
-11008.0
-14016.0
-21120.0
-17280.0
-18688.0
-14784.0
-6208.0
-6912.0
-6080.0
-6720.0
-5632.0
-3712.0
-4672.0
-3456.0
1472.0
13568.0
19904.0
15360.0
5632.0
4736.0
2368.0
4864.0
2560.0
5760.0
2688.0
3968.0
4608.0
5824.0
2880.0
17280.0
13440.0
12352.0
12800.0
9344.0
7296.0
576.0
-448.0
-2112.0
6720.0
8064.0
2752.0
2688.0
14080.0
-192.0
-2304.0
640.0
12992.0
7808.0
704.0
6976.0
7680.0
5696.0
1856.0
12992.0
128.0
9792.0
2176.0
-3072.0
-2432.0
-1792.0
6784.0
4800.0
15616.0
6400.0
9280.0
12992.0
13312.0
5312.0
4224.0
2304.0
2240.0
8960.0
14016.0
-128.0
2176.0
960.0
-2688.0
-1536.0
-2752.0
-3648.0
-6720.0
-4416.0
-2560.0
-3328.0
-3968.0
-2944.0
-3584.0
-6592.0
-5568.0
-4480.0
-4736.0
-2816.0
1792.0
-3008.0
896.0
-128.0
-4864.0
-6144.0
-5504.0
320.0
3520.0
-4672.0
1344.0
-2496.0
-2112.0
5504.0
2752.0
-4224.0
-2240.0
-448.0
-2560.0
-2560.0
-384.0
-192.0
1792.0
20032.0
15872.0
9728.0
15872.0
8128.0
1856.0
4736.0
15104.0
7232.0
1280.0
-192.0
1856.0
4480.0
2560.0
1792.0
2432.0
3392.0
3456.0
2496.0
6528.0
6912.0
2240.0
6016.0
5568.0
12160.0
11712.0
1664.0
-2304.0
-1664.0
-704.0
-1728.0
-2176.0
-2176.0
-640.0
-1920.0
11008.0
2496.0
-7680.0
-11904.0
-5376.0
-4160.0
-6912.0
-5120.0
-4928.0
-7424.0
-7488.0
-10816.0
-12608.0
-14208.0
-17216.0
-18432.0
-20352.0
-15680.0
-11520.0
-9664.0
-5504.0
-5952.0
-7360.0
-4288.0
-3072.0
-1792.0
6656.0
8640.0
18688.0
-7616.0
-8128.0
-7744.0
-2496.0
1920.0
1280.0
1856.0
640.0
768.0
1984.0
3392.0
3904.0
640.0
448.0
2368.0
1792.0
960.0
1216.0
1792.0
-832.0
-256.0
768.0
-2624.0
-3264.0
-2176.0
-2560.0
-6272.0
-3520.0
-2048.0
-5632.0
-2560.0
-768.0
-4800.0
-5376.0
-5440.0
-5952.0
-6144.0
-5312.0
-896.0
-256.0
-4288.0
-5888.0
-5440.0
-5184.0
-3776.0
-3200.0
-1600.0
-3328.0
-4992.0
-3584.0
-384.0
-576.0
-3072.0
-3904.0
-4864.0
-3392.0
-1920.0
-1664.0
-1152.0
-2240.0
-2944.0
-1728.0
-4928.0
-4224.0
-1728.0
-1792.0
-2944.0
256.0
-1984.0
-1536.0
-448.0
-1664.0
128.0
64.0
1664.0
3392.0
2816.0
1152.0
1216.0
5760.0
8960.0
18816.0
32448.0
19776.0
-2624.0
1216.0
3776.0
5504.0
-3584.0
-3840.0
512.0
3264.0
-448.0
-4352.0
-1728.0
-384.0
-3584.0
-1408.0
-1856.0
-4352.0
-1728.0
-1920.0
-896.0
-2496.0
-3904.0
-2624.0
-4096.0
-4928.0
-3456.0
-1088.0
-896.0
-1664.0
-640.0
-2688.0
-1984.0
-2688.0
-2752.0
-2048.0
-1280.0
-2176.0
-1344.0
-4288.0
-2496.0
-1792.0
-3072.0
-3840.0
-3712.0
-2944.0
-2752.0
-2880.0
-2624.0
-4480.0
-4800.0
-2112.0
-1536.0
-384.0
-384.0
64.0
128.0
-64.0
-128.0
-704.0
-1024.0
832.0
-1152.0
-1024.0
704.0
-384.0
-1216.0
64.0
320.0
-128.0
1344.0
1600.0
1472.0
2880.0
3136.0
4736.0
10304.0
10240.0
20288.0
6208.0
-1344.0
-3584.0
128.0
-1536.0
1728.0
960.0
5760.0
1216.0
2688.0
-320.0
448.0
-2112.0
-4608.0
384.0
-1536.0
-256.0
-1920.0
320.0
-1280.0
-2688.0
2176.0
-384.0
-1152.0
3840.0
5440.0
896.0
0.0
-1088.0
1024.0
-384.0
-2560.0
1920.0
-192.0
2880.0
1024.0
-704.0
64.0
0.0
960.0
512.0
-64.0
448.0
1472.0
576.0
1088.0
1856.0
64.0
512.0
320.0
1088.0
-640.0
-384.0
0.0
-2240.0
-2048.0
-3200.0
-2176.0
-2816.0
-3200.0
-2240.0
-512.0
-1920.0
-1664.0
64.0
-1344.0
-1536.0
-576.0
-1216.0
-768.0
576.0
0.0
1152.0
-448.0
-1152.0
576.0
384.0
1664.0
2368.0
3072.0
3968.0
3328.0
3648.0
832.0
2304.0
-1472.0
4160.0
-256.0
2816.0
384.0
-640.0
128.0
-3456.0
2432.0
1600.0
192.0
-832.0
2944.0
1024.0
384.0
-640.0
-1728.0
-2624.0
1600.0
2240.0
512.0
128.0
-1984.0
640.0
4288.0
1664.0
896.0
-3648.0
704.0
2816.0
1984.0
3008.0
-576.0
-3328.0
1472.0
576.0
-640.0
4160.0
2752.0
2368.0
-1920.0
960.0
-1088.0
-832.0
-2176.0
192.0
2752.0
2368.0
1344.0
-320.0
-768.0
832.0
-384.0
2368.0
-1408.0
-1728.0
640.0
-320.0
-448.0
320.0
-1664.0
-1152.0
-2880.0
-3200.0
1344.0
960.0
-3392.0
-1664.0
-2048.0
-704.0
-1408.0
1216.0
448.0
-2496.0
-1984.0
-1344.0
-1664.0
1472.0
-1664.0
896.0
1856.0
3008.0
2560.0
1536.0
448.0
576.0
896.0
6592.0
5632.0
8000.0
448.0
1024.0
768.0
64.0
832.0
1920.0
3136.0
1216.0
1664.0
-3648.0
-2560.0
256.0
512.0
1216.0
320.0
512.0
