-640.0
-640.0
-512.0
-256.0
-192.0
0.0
0.0
512.0
2048.0
3200.0
2496.0
2816.0
4544.0
4928.0
3200.0
1152.0
704.0
192.0
-384.0
-768.0
-960.0
-1472.0
-1728.0
-1984.0
-2048.0
-1984.0
-1472.0
-1280.0
512.0
1600.0
1408.0
960.0
1664.0
2496.0
2112.0
2496.0
4416.0
3648.0
1920.0
1856.0
1216.0
960.0
128.0
0.0
192.0
576.0
832.0
1600.0
1600.0
1088.0
1536.0
-128.0
-256.0
-128.0
-128.0
-320.0
-896.0
-384.0
-128.0
192.0
128.0
1088.0
2112.0
3008.0
2304.0
1088.0
384.0
384.0
576.0
-128.0
0.0
320.0
-384.0
-448.0
1536.0
2112.0
640.0
512.0
960.0
1600.0
2112.0
1152.0
320.0
0.0
-64.0
640.0
1088.0
832.0
1024.0
192.0
448.0
448.0
256.0
-832.0
-704.0
-896.0
192.0
1088.0
2432.0
704.0
2368.0
2048.0
320.0
448.0
768.0
960.0
192.0
-576.0
-384.0
832.0
640.0
-128.0
-768.0
896.0
1856.0
384.0
-64.0
2112.0
1792.0
1344.0
1152.0
2496.0
960.0
768.0
1280.0
1664.0
768.0
64.0
-64.0
768.0
-64.0
-64.0
-320.0
-256.0
-896.0
1792.0
192.0
128.0
2368.0
192.0
-640.0
-128.0
448.0
128.0
512.0
1024.0
2112.0
2304.0
1088.0
2432.0
1600.0
384.0
512.0
128.0
832.0
512.0
1280.0
1408.0
-896.0
576.0
576.0
832.0
640.0
-704.0
-512.0
-832.0
256.0
896.0
512.0
896.0
2240.0
2560.0
1792.0
2688.0
768.0
448.0
0.0
1216.0
1280.0
1472.0
128.0
2176.0
1792.0
-64.0
-832.0
-960.0
-448.0
-448.0
-1600.0
-1344.0
-448.0
320.0
1536.0
2048.0
384.0
192.0
896.0
3328.0
1856.0
832.0
832.0
2176.0
1536.0
384.0
192.0
-640.0
128.0
1024.0
192.0
384.0
576.0
-896.0
-832.0
-512.0
1152.0
128.0
576.0
-576.0
1344.0
2240.0
448.0
64.0
576.0
-64.0
1536.0
128.0
-256.0
-384.0
192.0
-1152.0
192.0
960.0
1344.0
1792.0
3712.0
1344.0
1280.0
640.0
832.0
960.0
640.0
1600.0
-128.0
-64.0
320.0
192.0
1344.0
1216.0
1344.0
768.0
128.0
1600.0
-64.0
256.0
-128.0
1152.0
1216.0
640.0
576.0
512.0
-1152.0
-1152.0
320.0
-256.0
576.0
320.0
-128.0
384.0
1920.0
1920.0
2112.0
960.0
768.0
0.0
-384.0
-1216.0
-1280.0
-576.0
-1472.0
-1152.0
-1344.0
-1216.0
-1408.0
384.0
768.0
2176.0
1472.0
960.0
2432.0
1728.0
1408.0
2624.0
0.0
64.0
512.0
1152.0
896.0
-64.0
-1664.0
-1472.0
-1152.0
-704.0
64.0
-1152.0
-256.0
-320.0
704.0
768.0
1280.0
1792.0
960.0
1216.0
2112.0
2368.0
1920.0
384.0
1344.0
768.0
128.0
576.0
1088.0
-128.0
704.0
-64.0
-704.0
-64.0
-640.0
-704.0
-2304.0
-128.0
-256.0
-256.0
-1472.0
-128.0
-384.0
-64.0
576.0
192.0
1024.0
1728.0
256.0
960.0
-192.0
-512.0
-512.0
0.0
1664.0
192.0
3392.0
1408.0
896.0
896.0
576.0
1536.0
1600.0
512.0
-704.0
-64.0
-576.0
576.0
2048.0
-1216.0
-1280.0
-896.0
-960.0
-576.0
0.0
1344.0
1152.0
1024.0
832.0
1152.0
-256.0
64.0
1280.0
1344.0
1280.0
-576.0
64.0
1408.0
3456.0
960.0
2816.0
1024.0
896.0
1088.0
0.0
-1152.0
-896.0
-2816.0
-1408.0
-384.0
-896.0
1024.0
-512.0
768.0
1920.0
-896.0
-192.0
896.0
2048.0
896.0
832.0
1216.0
1920.0
2304.0
960.0
192.0
-768.0
-1664.0
-1024.0
-1024.0
-1408.0
-1920.0
-1280.0
-1216.0
-1088.0
-1536.0
-320.0
2560.0
64.0
-1024.0
-576.0
-704.0
-512.0
64.0
-1152.0
256.0
896.0
3648.0
3008.0
3136.0
3840.0
2816.0
2368.0
3008.0
3200.0
3328.0
2816.0
768.0
1536.0
704.0
512.0
-1664.0
-1408.0
-2880.0
-1920.0
-896.0
-960.0
-1088.0
-896.0
-320.0
-448.0
256.0
512.0
448.0
320.0
1600.0
1600.0
768.0
960.0
1792.0
1344.0
768.0
-640.0
-640.0
-1344.0
-1472.0
-1152.0
-576.0
512.0
448.0
960.0
2304.0
2368.0
2048.0
960.0
-256.0
768.0
768.0
-1152.0
-1408.0
-256.0
-256.0
-1472.0
-1600.0
-64.0
192.0
256.0
-576.0
64.0
1600.0
3840.0
1728.0
-256.0
4480.0
1728.0
1792.0
1088.0
128.0
768.0
-384.0
832.0
-576.0
64.0
192.0
448.0
768.0
1600.0
768.0
1216.0
832.0
128.0
-960.0
-1216.0
-1664.0
-2112.0
-1472.0
-1216.0
-768.0
-2112.0
-1344.0
-960.0
-1664.0
-128.0
512.0
-384.0
-1472.0
-320.0
128.0
-320.0
-576.0
128.0
-256.0
-512.0
704.0
-128.0
1088.0
1600.0
512.0
6720.0
1344.0
2112.0
1856.0
7936.0
-448.0
384.0
-512.0
1984.0
2688.0
896.0
3072.0
2368.0
960.0
-640.0
-448.0
-2240.0
-3520.0
-5248.0
-3840.0
-1920.0
-1344.0
-4160.0
-3904.0
-3392.0
-1600.0
768.0
448.0
2048.0
2752.0
2240.0
2304.0
2048.0
1152.0
2560.0
-2304.0
2752.0
-2816.0
-1984.0
256.0
256.0
1280.0
1344.0
1600.0
3776.0
1920.0
3264.0
3264.0
960.0
1152.0
2304.0
1216.0
256.0
0.0
128.0
3648.0
-896.0
832.0
-832.0
-1344.0
-1088.0
256.0
-640.0
640.0
-704.0
-384.0
-640.0
-320.0
768.0
64.0
-1024.0
-1280.0
-1728.0
-2240.0
-3008.0
-3392.0
-704.0
-3648.0
-2496.0
-3648.0
-2944.0
-2752.0
-1984.0
-960.0
256.0
1920.0
2368.0
2880.0
2112.0
2816.0
2624.0
2688.0
3840.0
2176.0
3840.0
-640.0
960.0
576.0
-576.0
0.0
-640.0
448.0
-64.0
1984.0
1536.0
1792.0
1216.0
1728.0
1856.0
1344.0
128.0
576.0
-832.0
-1216.0
-256.0
-2880.0
-1984.0
-2880.0
-2624.0
-1856.0
-2176.0
-2432.0
-192.0
-1536.0
-1728.0
-1024.0
64.0
-768.0
-64.0
128.0
576.0
448.0
640.0
6144.0
2816.0
1536.0
3136.0
2880.0
2368.0
2944.0
832.0
1664.0
1664.0
3072.0
2624.0
2624.0
1728.0
896.0
-192.0
-1216.0
-576.0
-1344.0
-3392.0
-1920.0
-1792.0
-1856.0
-2944.0
-2560.0
-3264.0
-1792.0
-1600.0
-640.0
-128.0
704.0
-192.0
0.0
-640.0
-832.0
-192.0
0.0
128.0
-1280.0
512.0
-2880.0
-576.0
-1280.0
3392.0
-1152.0
704.0
1600.0
1728.0
3264.0
3584.0
3072.0
5632.0
3712.0
4160.0
1920.0
256.0
1472.0
0.0
-640.0
-1600.0
-4480.0
-2560.0
-3008.0
-2880.0
-512.0
192.0
-1280.0
-1856.0
-1472.0
-1728.0
-2432.0
-2304.0
-2240.0
-320.0
-832.0
-640.0
-320.0
1280.0
832.0
1024.0
0.0
2816.0
768.0
1472.0
384.0
704.0
1728.0
14656.0
64.0
896.0
-128.0
704.0
-384.0
128.0
-832.0
384.0
-704.0
-320.0
-1344.0
-192.0
960.0
-320.0
0.0
-832.0
-2304.0
-4416.0
-4032.0
-3392.0
-3776.0
-4032.0
-2944.0
-1280.0
-960.0
128.0
832.0
1536.0
960.0
576.0
1536.0
960.0
192.0
6144.0
-1216.0
256.0
3136.0
4736.0
3392.0
320.0
1856.0
192.0
640.0
2240.0
1984.0
192.0
1856.0
1984.0
1024.0
384.0
64.0
-512.0
-1664.0
-3072.0
-3072.0
-4032.0
-3840.0
-3520.0
-4288.0
-2240.0
-1280.0
-1472.0
-1088.0
128.0
-320.0
896.0
384.0
-1536.0
256.0
-832.0
-64.0
1536.0
896.0
832.0
2816.0
3072.0
3968.0
4224.0
4672.0
5120.0
3648.0
2944.0
-960.0
-1472.0
-2432.0
-1472.0
-3648.0
-1536.0
-2112.0
-3200.0
-1728.0
-1088.0
256.0
128.0
384.0
320.0
-896.0
-640.0
-1408.0
0.0
-1472.0
-3136.0
-2432.0
-3456.0
-1344.0
-2368.0
1088.0
-1856.0
-1216.0
0.0
64.0
2112.0
2560.0
4800.0
5056.0
4864.0
3456.0
2432.0
1920.0
640.0
3136.0
-960.0
-448.0
-2112.0
-1600.0
-1536.0
128.0
-3072.0
-4480.0
-4736.0
-3392.0
-3712.0
-2048.0
-1984.0
-128.0
-896.0
128.0
256.0
1088.0
832.0
1344.0
1984.0
960.0
2304.0
896.0
4800.0
9216.0
2752.0
896.0
1536.0
2624.0
576.0
-1792.0
-64.0
1216.0
1216.0
-256.0
-1792.0
-64.0
-1664.0
-2048.0
-3200.0
-3136.0
-3520.0
-4160.0
-1792.0
-832.0
-1664.0
-576.0
384.0
640.0
-64.0
576.0
-64.0
-192.0
-768.0
-576.0
-1856.0
-640.0
3712.0
4928.0
1088.0
2496.0
384.0
3840.0
4864.0
5632.0
2816.0
2240.0
3840.0
2112.0
1344.0
-128.0
-448.0
-2176.0
-4544.0
-4032.0
-3776.0
-3136.0
-3520.0
-3456.0
-5056.0
-3648.0
-2880.0
-2432.0
-1216.0
640.0
640.0
-64.0
384.0
576.0
-1984.0
-3008.0
-1344.0
-384.0
-1600.0
64.0
-1152.0
-896.0
-704.0
-2240.0
-3840.0
-5312.0
-6208.0
-11392.0
-9472.0
-10432.0
-12096.0
-17216.0
-15232.0
-18304.0
-19136.0
-19840.0
-21120.0
-17856.0
-15424.0
-11712.0
-5632.0
-4800.0
-4928.0
-1088.0
-1152.0
2176.0
21888.0
6528.0
7424.0
7168.0
10432.0
10112.0
11904.0
10944.0
11328.0
9728.0
11392.0
7808.0
6080.0
5056.0
3712.0
4608.0
2816.0
3136.0
3200.0
4480.0
6400.0
6528.0
6080.0
8704.0
6912.0
6976.0
2752.0
2880.0
3072.0
2688.0
3392.0
2624.0
3840.0
3712.0
3712.0
3904.0
3200.0
1728.0
1024.0
-64.0
-1408.0
-2176.0
-3200.0
-6272.0
-6912.0
-6848.0
-7744.0
-10752.0
-10112.0
-11136.0
-11904.0
-10432.0
-12096.0
-11456.0
-14080.0
-13952.0
-21824.0
-12800.0
-11008.0
-7360.0
-6464.0
-5888.0
-4736.0
-2880.0
-1280.0
1344.0
2560.0
4288.0
6912.0
19584.0
23936.0
10048.0
11776.0
14208.0
11328.0
10304.0
8256.0
9792.0
6400.0
7296.0
5952.0
8640.0
6080.0
7168.0
5760.0
5312.0
5952.0
9280.0
6720.0
6784.0
7424.0
6208.0
4544.0
4160.0
4544.0
5376.0
8640.0
5376.0
4416.0
4160.0
4160.0
3456.0
2176.0
896.0
448.0
-384.0
-2944.0
-3392.0
-5824.0
-6272.0
-6720.0
-7552.0
-7360.0
-8576.0
-8384.0
-7616.0
-7040.0
-5504.0
-5312.0
-4224.0
-3456.0
-1664.0
128.0
3200.0
5248.0
6848.0
7616.0
6784.0
8960.0
7360.0
6272.0
5888.0
4672.0
5952.0
960.0
2496.0
2112.0
7360.0
6848.0
10304.0
5824.0
2368.0
3136.0
2560.0
2240.0
1856.0
2112.0
128.0
-256.0
-1024.0
-960.0
-1344.0
-2880.0
-1600.0
-2752.0
-2432.0
-3072.0
-1984.0
-2112.0
-1728.0
-2048.0
-2304.0
-2816.0
-2432.0
-640.0
-640.0
-1472.0
-1024.0
-1664.0
-2368.0
-2496.0
-4544.0
-3136.0
-5184.0
-11136.0
-8064.0
-7360.0
-5888.0
-10112.0
-8768.0
-8512.0
-7936.0
576.0
-4096.0
-6912.0
-6144.0
-2176.0
-576.0
-3328.0
-1920.0
-1984.0
-3008.0
-3392.0
-3328.0
-3136.0
-1792.0
-704.0
-2496.0
-1408.0
-2304.0
-2496.0
-2496.0
-2240.0
-2432.0
-2944.0
-3136.0
-3648.0
-2752.0
-2304.0
-1984.0
-1280.0
-1344.0
-512.0
448.0
-192.0
960.0
384.0
640.0
832.0
768.0
3200.0
1856.0
2048.0
2496.0
1088.0
-192.0
0.0
-192.0
2176.0
3008.0
2368.0
1792.0
1344.0
8256.0
3264.0
1728.0
-640.0
1024.0
64.0
-1024.0
576.0
-448.0
-1408.0
-2112.0
-3264.0
832.0
-64.0
-896.0
-2112.0
768.0
-320.0
384.0
-384.0
576.0
-1792.0
256.0
-1728.0
-768.0
-896.0
-768.0
-1280.0
-1088.0
-1088.0
-384.0
-640.0
-704.0
-896.0
-512.0
-1536.0
-704.0
-3200.0
-2688.0
-2880.0
-3648.0
-3584.0
-1664.0
-2496.0
-2560.0
-3136.0
-3264.0
-320.0
-1856.0
-2112.0
-704.0
-1344.0
-768.0
-1216.0
-2432.0
-1600.0
256.0
-1216.0
-512.0
-2432.0
-3712.0
-3456.0
-3520.0
-3328.0
-4480.0
-5056.0
-3648.0
-3648.0
-2880.0
-2624.0
-2112.0
-2240.0
-1984.0
-1856.0
-2432.0
-1152.0
-1728.0
-1152.0
256.0
-704.0
128.0
64.0
256.0
384.0
-192.0
576.0
0.0
192.0
320.0
-384.0
-320.0
-128.0
-640.0
64.0
-320.0
-512.0
-640.0
832.0
768.0
1024.0
832.0
-192.0
-960.0
768.0
320.0
448.0
256.0
-640.0
832.0
-192.0
-896.0
256.0
-256.0
-576.0
1280.0
64.0
1344.0
64.0
-768.0
1088.0
1408.0
1920.0
1024.0
1344.0
1792.0
1408.0
832.0
1664.0
-896.0
1536.0
1408.0
3136.0
64.0
-896.0
832.0
-256.0
-192.0
-192.0
-2112.0
-320.0
-1152.0
-768.0
832.0
576.0
960.0
-1152.0
960.0
128.0
256.0
128.0
640.0
-1024.0
-128.0
1344.0
-320.0
768.0
-640.0
128.0
-512.0
-1280.0
1280.0
1472.0
-128.0
1152.0
-320.0
-1344.0
-64.0
-320.0
320.0
896.0
0.0
-64.0
-256.0
-576.0
-704.0
-832.0
-640.0
-1408.0
0.0
-768.0
-512.0
640.0
-576.0
-64.0
-128.0
256.0
960.0
1280.0
-128.0
-1408.0
-128.0
-320.0
-640.0
640.0
-64.0
-128.0
384.0
256.0
448.0
832.0
192.0
256.0
896.0
256.0
832.0
64.0
64.0
448.0
256.0
-256.0
1216.0
1856.0
832.0
1728.0
-128.0
64.0
512.0
768.0
-960.0
0.0
-1280.0
576.0
192.0
320.0
-1216.0
384.0
-320.0
-1920.0
-128.0
-2240.0
-192.0
320.0
-1920.0
-640.0
-448.0
640.0
-320.0
-1216.0
576.0
-256.0
1280.0
1728.0
704.0
448.0
64.0
-768.0
-128.0
1600.0
-384.0
64.0
-192.0
448.0
1536.0
1472.0
512.0
-576.0
-512.0
-256.0
640.0
1472.0
320.0
-576.0
-576.0
1792.0
2368.0
768.0
704.0
-256.0
1984.0
1664.0
384.0
384.0
256.0
384.0
1920.0
832.0
320.0
-832.0
512.0
-448.0
128.0
-320.0
-128.0
-1088.0
-768.0
-896.0
64.0
-192.0
-128.0
-640.0
128.0
-448.0
448.0
-960.0
-512.0
-256.0
448.0
320.0
704.0
1024.0
128.0
896.0
1536.0
384.0
-576.0
-64.0
-832.0
128.0
192.0
1088.0
-1344.0
-1088.0
-128.0
768.0
512.0
512.0
-256.0
-384.0
-640.0
-704.0
-640.0
-1920.0
-1024.0
-768.0
-960.0
1472.0
-64.0
512.0
576.0
768.0
1792.0
-384.0
-768.0
768.0
1152.0
1792.0
1536.0
832.0
128.0
1792.0
3136.0
2112.0
3008.0
-1216.0
64.0
384.0
-320.0
-1152.0
-1024.0
128.0
384.0
1600.0
512.0
-1472.0
-960.0
1344.0
576.0
-384.0
-832.0
-512.0
-320.0
-384.0
-192.0
-512.0
-448.0
-1408.0
64.0
-1280.0
-1344.0
-256.0
-896.0
192.0
832.0
832.0
256.0
-1216.0
-192.0
64.0
-896.0
0.0
0.0
-832.0
-1152.0
-64.0
1344.0
-576.0
-704.0
128.0
1216.0
-1216.0
-256.0
1600.0
2688.0
640.0
576.0
512.0
1728.0
4160.0
1088.0
-320.0
832.0
832.0
-704.0
-768.0
-640.0
-832.0
576.0
128.0
576.0
1152.0
-960.0
64.0
-832.0
-1792.0
-384.0
-1728.0
-1408.0
-704.0
-1408.0
0.0
0.0
-832.0
960.0
64.0
-320.0
512.0
-640.0
256.0
64.0
-256.0
-576.0
576.0
192.0
1280.0
-832.0
1344.0
-1344.0
-1024.0
192.0
256.0
0.0
-1024.0
192.0
768.0
128.0
-128.0
-1728.0
512.0
1344.0
-320.0
-960.0
-1920.0
2560.0
2560.0
320.0
-640.0
-1280.0
-128.0
1024.0
384.0
-1344.0
-1344.0
128.0
1472.0
-64.0
0.0
1920.0
1472.0
-64.0
-768.0
576.0
384.0
832.0
-1152.0
-448.0
448.0
-1408.0
512.0
-576.0
-1920.0
-2368.0
-1920.0
-960.0
-1344.0
-704.0
-1152.0
64.0
0.0
-640.0
-256.0
0.0
448.0
64.0
-320.0
-640.0
-192.0
-1216.0
-512.0
-1792.0
-320.0
320.0
832.0
384.0
896.0
1088.0
1984.0
1280.0
512.0
960.0
1408.0
2048.0
704.0
2112.0
1536.0
2304.0
1088.0
576.0
-640.0
576.0
2048.0
384.0
896.0
1216.0
2304.0
1792.0
-128.0
-448.0
-704.0
192.0
-384.0
-768.0
256.0
320.0
-448.0
0.0
-960.0
-1152.0
1600.0
704.0
-256.0
-448.0
-576.0
-960.0
0.0
-1088.0
-384.0
-384.0
448.0
-896.0
-256.0
512.0
-640.0
-256.0
-2112.0
-1600.0
-448.0
-320.0
-768.0
-832.0
-1024.0
1088.0
192.0
128.0
-256.0
512.0
1024.0
512.0
640.0
1408.0
2368.0
2880.0
960.0
128.0
2240.0
960.0
2496.0
-64.0
-1280.0
1728.0
1472.0
768.0
2048.0
3968.0
2240.0
-192.0
-1920.0
-320.0
-448.0
448.0
-1664.0
-1408.0
-576.0
-2368.0
-1088.0
-960.0
-1472.0
-704.0
128.0
-704.0
-2048.0
-896.0
-832.0
-1664.0
-576.0
-1088.0
0.0
-192.0
-1472.0
-1344.0
-1344.0
832.0
-448.0
1408.0
704.0
896.0
640.0
1088.0
1856.0
1408.0
768.0
256.0
1024.0
2176.0
704.0
2816.0
2048.0
-1600.0
832.0
-1728.0
-640.0
-1984.0
-3008.0
-3136.0
-4160.0
-9792.0
-9536.0
-14912.0
-18304.0
-21120.0
-19840.0
-31616.0
32640.0
32640.0
32640.0
32640.0
-29632.0
-5184.0
-25856.0
-9984.0
-13824.0
-26240.0
-28416.0
-31552.0
-20160.0
-12224.0
-11840.0
-9984.0
-8448.0
-5888.0
-2112.0
-1280.0
12032.0
18240.0
11584.0
5120.0
4288.0
7872.0
12992.0
14720.0
8832.0
5824.0
8192.0
8704.0
8768.0
7616.0
7744.0
7104.0
6784.0
6016.0
6016.0
5952.0
5376.0
4800.0
5312.0
4608.0
4416.0
4224.0
4416.0
3648.0
1088.0
832.0
1472.0
832.0
-640.0
-448.0
-1280.0
-1600.0
-1472.0
-2880.0
-3200.0
-3968.0
-4288.0
-4544.0
-4352.0
-3008.0
-2624.0
-3136.0
-3456.0
-3648.0
-2496.0
-256.0
-1536.0
-1792.0
-2432.0
-2368.0
-1792.0
-1216.0
-1344.0
-1344.0
-1600.0
-1984.0
-2624.0
-2816.0
-1792.0
-448.0
-832.0
-448.0
-640.0
-448.0
-384.0
192.0
1536.0
1664.0
1600.0
1280.0
896.0
1280.0
1536.0
1152.0
1152.0
832.0
128.0
0.0
-384.0
-320.0
-384.0
-448.0
-896.0
-768.0
-1088.0
-1216.0
-1216.0
-1280.0
-1280.0
-1408.0
-1216.0
-1152.0
-1088.0
-768.0
-512.0
-384.0
0.0
-128.0
320.0
-64.0
320.0
128.0
512.0
192.0
128.0
320.0
-128.0
-320.0
-192.0
-256.0
-192.0
-448.0
-640.0
-896.0
-832.0
-896.0
-704.0
-704.0
-832.0
-512.0
-512.0
-512.0
-448.0
-640.0
-256.0
-384.0
-320.0
0.0
-384.0
-384.0
-384.0
-320.0
-320.0
-384.0
-384.0
-256.0
-256.0
-192.0
-192.0
-192.0
-576.0
-512.0
-192.0
-256.0
-192.0
-384.0
-192.0
-192.0
-512.0
-576.0
-640.0
-256.0
-256.0
-256.0
-576.0
-576.0
-576.0
-320.0
-192.0
-192.0
-384.0
-192.0
-192.0
-192.0
-384.0
-384.0
-320.0
-384.0
-384.0
-192.0
-192.0
-384.0
-384.0
-192.0
-384.0
-192.0
-256.0
-384.0
-192.0
-192.0
-576.0
-320.0
-192.0
-192.0
-576.0
-192.0
-256.0
-192.0
-384.0
-256.0
-192.0
-320.0
-384.0
-320.0
-192.0
-384.0
0.0
-320.0
-320.0
-320.0
0.0
-320.0
-320.0
-192.0
-320.0
-384.0
-256.0
-384.0
-256.0
-576.0
-576.0
-640.0
-576.0
-896.0
-448.0
-576.0
-576.0
-256.0
-192.0
-256.0
-256.0
-320.0
-320.0
-384.0
-384.0
0.0
0.0
-384.0
-320.0
-320.0
-384.0
-192.0
-192.0
-192.0
-576.0
-576.0
-640.0
-640.0
-512.0
-640.0
-640.0
-512.0
-576.0
-576.0
-256.0
-384.0
-256.0
-384.0
-192.0
-384.0
-192.0
-320.0
-384.0
-384.0
-320.0
-384.0
-384.0
-192.0
-384.0
-192.0
-256.0
-448.0
-192.0
-256.0
-256.0
-256.0
-192.0
-192.0
-256.0
-256.0
-256.0
-576.0
-512.0
-192.0
