-1088.0
-1152.0
-640.0
-256.0
-704.0
-512.0
-512.0
-832.0
-1088.0
-448.0
-704.0
-768.0
-512.0
-960.0
-896.0
-576.0
-704.0
-640.0
-1152.0
-960.0
-1600.0
-1088.0
896.0
4864.0
8064.0
6784.0
7680.0
2944.0
1408.0
2432.0
1728.0
3136.0
3072.0
3328.0
3712.0
3648.0
2240.0
1152.0
2176.0
2304.0
1664.0
1280.0
704.0
1344.0
128.0
0.0
-192.0
256.0
320.0
576.0
384.0
1280.0
1152.0
320.0
-128.0
576.0
1088.0
1472.0
1152.0
-64.0
-512.0
-448.0
1088.0
1408.0
1664.0
2624.0
2048.0
0.0
1024.0
448.0
1216.0
1536.0
-64.0
1280.0
2048.0
896.0
640.0
64.0
0.0
0.0
384.0
2432.0
1472.0
-128.0
320.0
768.0
1856.0
1792.0
-384.0
-1536.0
-1792.0
-2304.0
-576.0
1664.0
896.0
1216.0
1920.0
896.0
1024.0
1664.0
2048.0
1856.0
320.0
-64.0
-1088.0
-256.0
-640.0
-1280.0
-1856.0
1216.0
256.0
960.0
2176.0
320.0
-384.0
1088.0
1920.0
640.0
448.0
1216.0
1344.0
128.0
-320.0
-1280.0
-1344.0
1600.0
2624.0
1408.0
1600.0
704.0
1216.0
1984.0
1664.0
2112.0
1664.0
1280.0
832.0
-3008.0
-3264.0
640.0
2368.0
1984.0
2304.0
1920.0
384.0
-704.0
704.0
256.0
-1024.0
-3392.0
-3264.0
-640.0
2880.0
2688.0
1536.0
384.0
960.0
3264.0
960.0
-384.0
-960.0
-960.0
-4544.0
1472.0
2304.0
1664.0
1728.0
1344.0
1280.0
1728.0
1600.0
-1664.0
-2176.0
-1280.0
896.0
1152.0
-128.0
768.0
1344.0
960.0
1088.0
-704.0
-2688.0
-704.0
2112.0
2624.0
448.0
-576.0
-256.0
704.0
1216.0
1216.0
-640.0
1024.0
2752.0
2432.0
1664.0
448.0
1280.0
-64.0
-128.0
-256.0
-3072.0
-1344.0
1344.0
2240.0
1728.0
-192.0
384.0
-64.0
1088.0
1280.0
2688.0
2560.0
1920.0
256.0
-320.0
-704.0
1536.0
1472.0
640.0
-960.0
-384.0
-768.0
-2240.0
-2752.0
-1280.0
0.0
448.0
1920.0
2432.0
576.0
1728.0
320.0
-1856.0
768.0
576.0
1344.0
1024.0
256.0
-448.0
-704.0
-256.0
64.0
64.0
-1728.0
-1536.0
-1792.0
576.0
2048.0
1216.0
2240.0
64.0
640.0
-384.0
-1856.0
-1664.0
-1728.0
-64.0
1472.0
64.0
-192.0
1280.0
3328.0
4096.0
3712.0
576.0
-7040.0
-7808.0
-448.0
3648.0
3072.0
-768.0
1088.0
1728.0
1728.0
1088.0
1984.0
2432.0
4224.0
2816.0
1664.0
-2048.0
-704.0
320.0
-448.0
0.0
-832.0
-3328.0
-5952.0
-1216.0
1216.0
3584.0
1664.0
1024.0
-2496.0
-1792.0
576.0
2176.0
3584.0
1600.0
1024.0
256.0
-1344.0
1408.0
640.0
-1344.0
-960.0
-1920.0
-640.0
-2176.0
1472.0
704.0
832.0
1088.0
1280.0
832.0
832.0
1088.0
1600.0
960.0
1344.0
768.0
-1536.0
-1920.0
960.0
1984.0
-896.0
-2880.0
-1856.0
-64.0
1664.0
2496.0
2752.0
192.0
-5376.0
-3456.0
-2688.0
-576.0
-448.0
-128.0
-1600.0
-1600.0
1088.0
1792.0
2624.0
1792.0
-64.0
1792.0
-256.0
-2048.0
0.0
768.0
-1984.0
128.0
2304.0
3904.0
3456.0
2560.0
-1536.0
-1088.0
1408.0
2240.0
1408.0
64.0
-192.0
832.0
-2688.0
-3712.0
384.0
1856.0
1024.0
512.0
-1024.0
2688.0
1408.0
-1024.0
2432.0
3328.0
3584.0
1856.0
-1728.0
-2432.0
448.0
1920.0
448.0
-2816.0
-2816.0
-2368.0
-448.0
-2368.0
-2816.0
-1856.0
448.0
256.0
960.0
512.0
64.0
832.0
1984.0
1152.0
128.0
-1088.0
-4928.0
-1088.0
2496.0
6464.0
2816.0
576.0
192.0
3264.0
1472.0
-1728.0
-1536.0
0.0
2688.0
4032.0
3776.0
-5184.0
-3648.0
1216.0
3008.0
3776.0
-3008.0
-4352.0
-2240.0
2368.0
7872.0
960.0
-3904.0
-5760.0
-2432.0
768.0
3136.0
2944.0
-3968.0
3904.0
1216.0
-3456.0
-192.0
-448.0
2048.0
1152.0
1792.0
1984.0
-448.0
4352.0
3328.0
1728.0
768.0
1792.0
-3584.0
-7104.0
-4032.0
1600.0
4480.0
2816.0
-4160.0
-2304.0
-768.0
-128.0
256.0
-3200.0
-1024.0
-768.0
-960.0
-1024.0
-1344.0
1152.0
-128.0
-4224.0
-3776.0
-512.0
896.0
-896.0
2304.0
3072.0
-384.0
-2880.0
-2816.0
-1216.0
-128.0
3264.0
4224.0
2240.0
2304.0
-320.0
3968.0
-1920.0
-2496.0
-1408.0
2432.0
2304.0
960.0
832.0
2496.0
576.0
-128.0
3264.0
5184.0
640.0
-640.0
-1792.0
-6336.0
-960.0
-64.0
-1792.0
-2432.0
-256.0
-256.0
640.0
-704.0
-960.0
-128.0
192.0
-768.0
-2880.0
-64.0
640.0
-2432.0
-3008.0
-2240.0
-64.0
3008.0
4992.0
6912.0
5440.0
-2560.0
-8832.0
-3584.0
4864.0
-9728.0
-11520.0
-3392.0
1280.0
5248.0
7168.0
6272.0
3328.0
320.0
-64.0
1024.0
256.0
-4672.0
-2432.0
1920.0
2560.0
1280.0
2112.0
1600.0
448.0
-512.0
-512.0
1088.0
128.0
-576.0
1728.0
2496.0
1856.0
2240.0
1472.0
-2304.0
-4160.0
-6400.0
-3840.0
2816.0
3712.0
3456.0
-128.0
-3456.0
-5952.0
-5952.0
-192.0
576.0
1664.0
192.0
-832.0
832.0
-3264.0
-2880.0
-768.0
-3648.0
-1728.0
1024.0
1600.0
-2240.0
6848.0
4992.0
-4352.0
-11200.0
-4608.0
4480.0
-64.0
-6528.0
-1984.0
6976.0
7168.0
192.0
-2240.0
-4928.0
192.0
1728.0
9216.0
7040.0
5312.0
128.0
-4800.0
704.0
5120.0
5184.0
192.0
-1216.0
-4864.0
-8128.0
320.0
1664.0
-2624.0
-1728.0
1664.0
2112.0
2048.0
448.0
-448.0
-576.0
640.0
-960.0
-896.0
1216.0
704.0
-5504.0
-4928.0
-2368.0
448.0
-1280.0
-4224.0
-2624.0
-2176.0
576.0
256.0
-960.0
-192.0
3200.0
-1216.0
1920.0
4352.0
3200.0
640.0
-1792.0
-3648.0
-5248.0
-320.0
1472.0
1216.0
-64.0
3328.0
4544.0
5440.0
4736.0
-2816.0
-3840.0
2176.0
3136.0
-2240.0
-7040.0
-5760.0
1408.0
-2560.0
-5760.0
-5888.0
-1664.0
-1152.0
-2048.0
-2688.0
832.0
3456.0
2112.0
576.0
2944.0
3136.0
-3008.0
-6848.0
-4864.0
64.0
832.0
-4672.0
-1472.0
-2432.0
-1728.0
-1984.0
3392.0
4224.0
2432.0
704.0
-896.0
-3392.0
-448.0
3776.0
7424.0
5120.0
-1408.0
-2496.0
-320.0
-1344.0
3712.0
2880.0
2176.0
-896.0
-2048.0
1152.0
2048.0
1856.0
-768.0
-2176.0
-2944.0
-4480.0
-5312.0
-4672.0
4224.0
5120.0
5632.0
-1088.0
-1984.0
-5184.0
-2112.0
1216.0
192.0
-2432.0
960.0
192.0
-448.0
320.0
-1216.0
-5824.0
-5760.0
-2560.0
-1408.0
-2688.0
0.0
2752.0
1280.0
1472.0
5248.0
3968.0
-384.0
2304.0
8704.0
2368.0
3904.0
3264.0
5888.0
320.0
-6976.0
-4608.0
-2176.0
3392.0
-832.0
-6528.0
-6720.0
1664.0
2176.0
1408.0
-1856.0
-3712.0
-256.0
1856.0
1856.0
-4928.0
-3968.0
-4864.0
1280.0
9024.0
9792.0
5056.0
1728.0
-8192.0
-4672.0
-640.0
-4480.0
-1344.0
-512.0
-2688.0
-4928.0
-4992.0
-4480.0
-2752.0
-1152.0
-768.0
0.0
1216.0
2496.0
4672.0
2176.0
2304.0
10368.0
13056.0
9536.0
1088.0
-6592.0
-10176.0
-320.0
1856.0
512.0
640.0
3648.0
2496.0
1856.0
2304.0
3072.0
-128.0
-4608.0
-5568.0
-4480.0
-1216.0
-320.0
640.0
-2624.0
-1344.0
-1472.0
-576.0
960.0
2304.0
1280.0
-3776.0
-7680.0
-3072.0
1280.0
-2816.0
-5056.0
-2688.0
-384.0
-1408.0
-256.0
640.0
4928.0
5440.0
6272.0
9280.0
5568.0
-2688.0
6528.0
128.0
-9920.0
-2624.0
6656.0
2304.0
-5504.0
-16832.0
-4672.0
0.0
3200.0
5056.0
4608.0
-3840.0
-2176.0
-20480.0
-23424.0
-17664.0
-9344.0
-5504.0
-8960.0
-4224.0
64.0
-384.0
0.0
960.0
256.0
-1024.0
3392.0
7424.0
2880.0
-3968.0
128.0
4736.0
6144.0
3584.0
-320.0
2624.0
8128.0
10944.0
3712.0
4608.0
5120.0
4928.0
5632.0
4032.0
3328.0
6208.0
7872.0
2432.0
-1408.0
512.0
9600.0
9088.0
5376.0
-2944.0
4480.0
10752.0
5440.0
704.0
1408.0
5120.0
-4672.0
-31232.0
-30976.0
-30528.0
-21568.0
-11328.0
1664.0
640.0
4032.0
1536.0
9088.0
10624.0
13952.0
12096.0
16640.0
15296.0
7168.0
3328.0
-27200.0
-31424.0
-448.0
16640.0
-9280.0
-7808.0
4544.0
8192.0
64.0
-2880.0
-1280.0
-576.0
-10368.0
-11392.0
-11328.0
-3456.0
640.0
192.0
-3456.0
-256.0
4096.0
7680.0
7808.0
9600.0
9280.0
6272.0
-5120.0
-9984.0
-7104.0
-7104.0
-8512.0
-9088.0
1792.0
3392.0
-2240.0
-1856.0
-704.0
-640.0
576.0
-192.0
320.0
960.0
5056.0
6208.0
9792.0
4928.0
8896.0
4160.0
2176.0
1920.0
1280.0
-2752.0
-3264.0
-3328.0
-5952.0
-3136.0
-4544.0
-8064.0
-3648.0
-1280.0
-384.0
-3264.0
-7040.0
-3712.0
192.0
384.0
3776.0
4864.0
4800.0
1344.0
-1344.0
-11072.0
-11200.0
-256.0
1728.0
-1344.0
-192.0
704.0
1664.0
2368.0
-2304.0
384.0
1088.0
6528.0
4928.0
-1536.0
-7360.0
-7360.0
-7936.0
2752.0
-2048.0
-6976.0
-5056.0
7680.0
4480.0
-1024.0
-1152.0
-4544.0
-640.0
3008.0
4928.0
6464.0
3712.0
-6912.0
-7360.0
-576.0
4736.0
3648.0
-5888.0
-10816.0
-8832.0
-128.0
3712.0
4224.0
1728.0
1408.0
-896.0
1024.0
4480.0
-1664.0
1280.0
-5760.0
3328.0
5376.0
1088.0
-15552.0
-1216.0
3584.0
960.0
1984.0
-832.0
-3904.0
-7744.0
-6656.0
-7168.0
2432.0
2496.0
7104.0
8896.0
7552.0
3648.0
-10368.0
-12224.0
-3840.0
-1664.0
-5504.0
-4224.0
-3904.0
-7040.0
-1856.0
3072.0
768.0
-8512.0
-10688.0
1792.0
1152.0
-7360.0
-7296.0
-4096.0
5376.0
2432.0
-7808.0
-6656.0
512.0
2496.0
-5184.0
-3520.0
3072.0
-1536.0
-9728.0
-4352.0
-1408.0
-6528.0
6272.0
-18816.0
11840.0
-1728.0
-18112.0
-10432.0
13824.0
-18176.0
-10432.0
-12352.0
-9600.0
-8576.0
11904.0
30464.0
32384.0
15808.0
-3136.0
-256.0
5312.0
-4096.0
-6080.0
7104.0
11584.0
11008.0
6016.0
-16000.0
32640.0
-26176.0
17600.0
-8384.0
-17664.0
-13248.0
3712.0
-384.0
7168.0
11136.0
6464.0
12352.0
13632.0
11840.0
8832.0
8384.0
3008.0
4992.0
9280.0
-6336.0
-22336.0
-25088.0
-64.0
896.0
-5056.0
-8448.0
-7744.0
-2048.0
-1792.0
-2176.0
-1920.0
-2752.0
-3328.0
-896.0
-1472.0
1792.0
4096.0
8512.0
16192.0
17216.0
6976.0
-3904.0
-12224.0
-8576.0
-6528.0
64.0
4096.0
9600.0
3264.0
-3520.0
-6848.0
640.0
2304.0
2432.0
1536.0
768.0
64.0
2112.0
5952.0
4032.0
3456.0
-512.0
-3840.0
-1536.0
-6016.0
-9856.0
-6080.0
-1280.0
-1216.0
-4224.0
-2816.0
2368.0
64.0
384.0
832.0
448.0
0.0
-3008.0
-3200.0
-1472.0
2496.0
2560.0
3008.0
-4096.0
-4864.0
-4864.0
2688.0
6464.0
6400.0
5248.0
-512.0
2944.0
3392.0
4736.0
5376.0
4544.0
3648.0
-1728.0
-2432.0
1856.0
1920.0
-3392.0
-6720.0
-3712.0
-4288.0
-3136.0
-5056.0
-1792.0
-5120.0
-3904.0
-960.0
-1728.0
2560.0
1984.0
1920.0
2880.0
2240.0
-320.0
-192.0
-704.0
-5184.0
-6016.0
4928.0
6592.0
5056.0
-1152.0
-3584.0
-1984.0
4224.0
6080.0
3456.0
-768.0
-1984.0
-3136.0
-1984.0
-1472.0
-5248.0
-2880.0
3968.0
4224.0
1728.0
5632.0
2688.0
-8768.0
-14784.0
-8000.0
2688.0
5632.0
-576.0
-9408.0
-9792.0
2240.0
8192.0
6016.0
-7424.0
-6976.0
-1024.0
3840.0
4224.0
-5056.0
192.0
-768.0
-4672.0
-448.0
4928.0
8064.0
6656.0
576.0
-4672.0
-4672.0
6784.0
-1536.0
-8000.0
-4352.0
576.0
3328.0
-5312.0
-8320.0
-2304.0
5632.0
7360.0
-4800.0
-6400.0
768.0
256.0
320.0
-192.0
-2752.0
-4352.0
-4480.0
-4736.0
1536.0
-192.0
-576.0
-4416.0
-3584.0
-2944.0
-1088.0
-896.0
0.0
64.0
1344.0
1472.0
2176.0
6464.0
-128.0
-6528.0
-8384.0
-128.0
7488.0
2880.0
-2560.0
-1408.0
3520.0
4416.0
1280.0
-832.0
-1280.0
-5952.0
-3520.0
-2944.0
-896.0
768.0
-3264.0
2112.0
-768.0
-1856.0
-4992.0
-3904.0
-4608.0
-3840.0
-6272.0
-6464.0
-3520.0
4160.0
5312.0
12672.0
4672.0
2432.0
-13312.0
-6208.0
1472.0
-3264.0
1024.0
9408.0
3456.0
1024.0
-2240.0
-1152.0
2944.0
4480.0
5504.0
2944.0
256.0
-384.0
-6464.0
-10368.0
-8704.0
1728.0
1088.0
2688.0
-2816.0
-1600.0
-3264.0
-4160.0
-512.0
-2880.0
-4288.0
-8960.0
-7680.0
-6272.0
-3456.0
-960.0
-1984.0
-1344.0
-2368.0
-6976.0
-6720.0
-4800.0
-4288.0
-3136.0
-4160.0
-15296.0
-8960.0
-5120.0
-8832.0
-12416.0
-8960.0
-7616.0
-4160.0
-10944.0
-18432.0
-22784.0
-20416.0
-15488.0
-15552.0
-19328.0
-20608.0
-18432.0
-18560.0
-16640.0
-12928.0
-12224.0
-10560.0
-10624.0
-7296.0
-12032.0
-9728.0
-9024.0
-7808.0
-5696.0
-4160.0
-2688.0
-5120.0
-2176.0
-3584.0
4864.0
9280.0
9216.0
1472.0
1344.0
5504.0
9152.0
5824.0
6016.0
4096.0
3776.0
4224.0
7424.0
8128.0
8960.0
6272.0
5696.0
6272.0
4032.0
6208.0
6720.0
5824.0
-896.0
3712.0
7104.0
5312.0
3392.0
3648.0
3456.0
2816.0
0.0
704.0
-1088.0
-704.0
-3840.0
-1536.0
1088.0
-3904.0
-3520.0
-5952.0
-9600.0
-7488.0
-5504.0
-14464.0
-16192.0
-8448.0
-5248.0
-7936.0
-10752.0
-5632.0
-9536.0
-4160.0
-512.0
3072.0
-384.0
-4544.0
-8640.0
-3008.0
7168.0
320.0
-2944.0
448.0
1920.0
2368.0
-2496.0
6144.0
6976.0
-1984.0
-6016.0
3008.0
8960.0
8384.0
7744.0
2304.0
384.0
1536.0
3776.0
6080.0
5888.0
1280.0
4160.0
6528.0
6720.0
5824.0
5056.0
5184.0
3968.0
6016.0
6016.0
4864.0
1088.0
1984.0
4224.0
3200.0
4096.0
3840.0
2304.0
3904.0
5312.0
3264.0
384.0
2048.0
2688.0
3776.0
768.0
-576.0
0.0
1600.0
3840.0
1728.0
576.0
-448.0
-1920.0
-256.0
192.0
64.0
-2368.0
-1024.0
128.0
128.0
960.0
2176.0
448.0
-1472.0
-1664.0
832.0
1920.0
2624.0
2880.0
2688.0
4864.0
4864.0
2240.0
1600.0
4544.0
4480.0
3584.0
3392.0
2944.0
5056.0
6080.0
6912.0
6336.0
2944.0
-2816.0
-1152.0
896.0
5184.0
4224.0
640.0
-4608.0
-2624.0
896.0
2368.0
0.0
-3456.0
-3328.0
-2432.0
-512.0
1792.0
1088.0
1984.0
1216.0
320.0
-1920.0
128.0
384.0
1920.0
1600.0
-1152.0
-1216.0
192.0
1472.0
2880.0
3776.0
2048.0
1280.0
2112.0
1408.0
3136.0
5184.0
4096.0
3968.0
1024.0
-2368.0
-1216.0
7872.0
1856.0
-3904.0
-2880.0
-512.0
1536.0
4672.0
3328.0
2624.0
4864.0
5824.0
6976.0
3072.0
-256.0
2688.0
384.0
-4352.0
-3328.0
2368.0
2432.0
3136.0
704.0
-9600.0
-12544.0
-7360.0
896.0
1280.0
-4800.0
-6528.0
-6272.0
-3392.0
-2432.0
-3008.0
-5248.0
-6272.0
-6784.0
-8576.0
-11072.0
-16192.0
-11200.0
-12992.0
-13824.0
-17728.0
-13568.0
-10496.0
-12864.0
-14464.0
-13440.0
-9472.0
-13632.0
-14016.0
-13056.0
-17024.0
-20800.0
-7104.0
-8448.0
-20864.0
-18816.0
-13952.0
-10752.0
-13184.0
-19584.0
-13696.0
-11712.0
-16704.0
-14912.0
-14784.0
-14912.0
-14656.0
-13376.0
-13440.0
-14912.0
-14528.0
-11328.0
-7104.0
-7616.0
-11584.0
-9536.0
-7808.0
-8000.0
-4864.0
-2560.0
-1728.0
-6912.0
-4032.0
-5440.0
-704.0
-1216.0
3520.0
64.0
3008.0
3904.0
1600.0
2176.0
4288.0
3072.0
2944.0
5568.0
4480.0
4608.0
4864.0
3648.0
6144.0
6080.0
7680.0
5248.0
8000.0
7040.0
7168.0
4672.0
5440.0
6464.0
8768.0
7296.0
8448.0
5376.0
6016.0
3200.0
7552.0
7680.0
4032.0
4160.0
4096.0
3136.0
5056.0
8960.0
8448.0
5952.0
4608.0
2048.0
-576.0
4928.0
6528.0
6464.0
6016.0
3264.0
-704.0
1152.0
1920.0
6144.0
3584.0
3648.0
4288.0
1984.0
-2240.0
0.0
1664.0
3008.0
1984.0
-640.0
0.0
-832.0
384.0
448.0
1600.0
-640.0
-896.0
1280.0
-832.0
-1408.0
320.0
-832.0
256.0
-1216.0
-1152.0
-448.0
-1408.0
-1984.0
-2048.0
896.0
384.0
-2432.0
-2240.0
-2176.0
320.0
640.0
-1792.0
-768.0
-448.0
-1408.0
-1408.0
256.0
-128.0
-512.0
128.0
512.0
128.0
-1152.0
2816.0
1472.0
-2112.0
-640.0
4288.0
896.0
-2880.0
2688.0
4032.0
-512.0
1920.0
4864.0
2176.0
832.0
3392.0
2496.0
2368.0
320.0
3328.0
4288.0
6144.0
-1600.0
-960.0
4416.0
3072.0
2752.0
3456.0
2112.0
3200.0
-1280.0
-1856.0
2368.0
1792.0
1856.0
4672.0
3200.0
4224.0
4160.0
1600.0
-1152.0
-1792.0
768.0
960.0
-3648.0
-1152.0
1920.0
2880.0
-384.0
-1088.0
960.0
1664.0
-320.0
-1792.0
-640.0
896.0
-192.0
0.0
960.0
320.0
512.0
768.0
1280.0
832.0
-192.0
768.0
768.0
128.0
960.0
768.0
128.0
2368.0
2048.0
1536.0
1216.0
832.0
2496.0
3136.0
1536.0
832.0
1536.0
2048.0
2560.0
3200.0
1152.0
448.0
1792.0
1984.0
1984.0
1408.0
640.0
1088.0
1600.0
2304.0
1856.0
640.0
512.0
704.0
1408.0
1280.0
-576.0
1536.0
1664.0
960.0
1664.0
-192.0
-192.0
448.0
1600.0
1856.0
512.0
-320.0
640.0
576.0
1536.0
1280.0
384.0
512.0
128.0
640.0
704.0
2240.0
2368.0
320.0
-64.0
768.0
768.0
3136.0
960.0
896.0
2304.0
1280.0
1472.0
2112.0
576.0
704.0
2816.0
2048.0
1408.0
704.0
1024.0
2368.0
2880.0
1920.0
1344.0
768.0
1152.0
2944.0
1856.0
1920.0
192.0
192.0
1856.0
1792.0
1600.0
512.0
1600.0
1856.0
1344.0
832.0
192.0
640.0
1280.0
1216.0
1216.0
64.0
-128.0
1600.0
1792.0
64.0
0.0
320.0
1536.0
1216.0
768.0
-64.0
0.0
1024.0
1152.0
1152.0
1088.0
1088.0
320.0
1344.0
1664.0
1472.0
1280.0
448.0
1088.0
1728.0
1920.0
1856.0
960.0
1280.0
1408.0
1856.0
2176.0
1472.0
1728.0
1856.0
1280.0
1792.0
1728.0
1920.0
1728.0
896.0
1280.0
1344.0
1216.0
1984.0
1728.0
832.0
832.0
448.0
1600.0
1856.0
960.0
128.0
320.0
448.0
1024.0
1216.0
832.0
832.0
640.0
640.0
832.0
1088.0
960.0
1152.0
1856.0
1344.0
-128.0
512.0
1280.0
2048.0
1920.0
1344.0
128.0
832.0
1216.0
2112.0
1408.0
704.0
704.0
1600.0
1536.0
1344.0
960.0
1280.0
1152.0
2176.0
1856.0
704.0
1088.0
1344.0
1600.0
960.0
1216.0
1600.0
1536.0
1280.0
256.0
576.0
1280.0
2112.0
1600.0
256.0
320.0
1024.0
1792.0
1792.0
960.0
384.0
448.0
1536.0
1792.0
1216.0
448.0
128.0
704.0
1984.0
1856.0
192.0
576.0
1024.0
2368.0
3392.0
1088.0
-64.0
2112.0
832.0
960.0
2816.0
1984.0
384.0
1856.0
2112.0
1664.0
896.0
384.0
768.0
2176.0
1984.0
896.0
640.0
320.0
960.0
1216.0
1664.0
448.0
384.0
1088.0
1280.0
1088.0
1536.0
1152.0
960.0
1088.0
576.0
384.0
1280.0
1408.0
1216.0
768.0
704.0
1088.0
1216.0
1344.0
1600.0
832.0
704.0
960.0
960.0
1152.0
1216.0
832.0
640.0
1088.0
1792.0
1728.0
1024.0
1024.0
1216.0
384.0
1088.0
960.0
1088.0
1216.0
1280.0
1088.0
1088.0
960.0
1088.0
1856.0
1792.0
960.0
1024.0
768.0
896.0
1792.0
1600.0
1216.0
1280.0
1024.0
832.0
960.0
1152.0
1088.0
