-448.0
-896.0
-704.0
-512.0
-832.0
-832.0
-576.0
-832.0
-576.0
-640.0
-448.0
-1088.0
-896.0
-256.0
2304.0
6272.0
6016.0
3328.0
2048.0
2112.0
3456.0
6720.0
6144.0
2304.0
512.0
-1216.0
-704.0
3072.0
3520.0
4160.0
1920.0
-320.0
-256.0
832.0
1728.0
3008.0
2624.0
2048.0
832.0
576.0
832.0
1152.0
1536.0
448.0
-320.0
-576.0
64.0
320.0
256.0
-128.0
320.0
960.0
960.0
960.0
384.0
-448.0
-192.0
256.0
640.0
1728.0
2688.0
3392.0
2560.0
128.0
-448.0
0.0
192.0
704.0
2048.0
2048.0
448.0
64.0
-320.0
-832.0
-512.0
-704.0
-704.0
-448.0
704.0
1536.0
2368.0
2368.0
1536.0
-384.0
448.0
1408.0
2688.0
2496.0
1152.0
512.0
256.0
64.0
0.0
-384.0
-256.0
-384.0
1088.0
1280.0
-64.0
-896.0
512.0
896.0
1216.0
320.0
-128.0
1536.0
1920.0
1856.0
512.0
896.0
1536.0
1216.0
1344.0
1984.0
2176.0
1280.0
512.0
448.0
256.0
-320.0
-1600.0
-1600.0
-1280.0
-320.0
640.0
896.0
1920.0
2176.0
2304.0
2752.0
2944.0
3136.0
1856.0
1728.0
896.0
192.0
-640.0
-2176.0
-1280.0
-448.0
832.0
1152.0
768.0
192.0
64.0
640.0
768.0
1984.0
2560.0
1024.0
320.0
0.0
-960.0
1472.0
2368.0
2048.0
960.0
256.0
0.0
704.0
2112.0
2368.0
2048.0
448.0
0.0
-832.0
576.0
1152.0
1600.0
384.0
1216.0
960.0
128.0
-448.0
-512.0
-1792.0
-1024.0
1088.0
1856.0
1728.0
1344.0
1024.0
128.0
640.0
768.0
576.0
128.0
192.0
2432.0
3968.0
3456.0
2816.0
512.0
-448.0
-960.0
256.0
-1408.0
-2368.0
-1856.0
576.0
640.0
-64.0
-1408.0
320.0
1536.0
2432.0
2560.0
1280.0
896.0
3712.0
5632.0
4864.0
1472.0
0.0
-1600.0
-1280.0
-1408.0
-320.0
832.0
3072.0
4480.0
4160.0
1984.0
-320.0
-1920.0
-1984.0
-2368.0
-1600.0
-1408.0
256.0
576.0
1088.0
2432.0
4352.0
3328.0
896.0
384.0
-1664.0
1088.0
1536.0
1152.0
640.0
-1664.0
-3392.0
-2560.0
-2176.0
1216.0
2304.0
4352.0
2496.0
960.0
-512.0
704.0
0.0
256.0
256.0
1088.0
1344.0
-128.0
-1600.0
-256.0
-704.0
-64.0
1600.0
3520.0
3648.0
-64.0
-2176.0
-640.0
704.0
640.0
448.0
-896.0
-1152.0
-896.0
-256.0
-1024.0
-1152.0
-768.0
-1088.0
832.0
2368.0
1216.0
2176.0
2368.0
3136.0
1536.0
-832.0
-832.0
320.0
448.0
1408.0
3328.0
3456.0
448.0
-1792.0
1856.0
3584.0
3264.0
2816.0
640.0
320.0
-1600.0
-1728.0
-1216.0
-512.0
-640.0
576.0
640.0
192.0
1856.0
1664.0
512.0
320.0
704.0
3456.0
3456.0
2880.0
832.0
-1792.0
-2432.0
-1216.0
1472.0
2624.0
2112.0
1408.0
-320.0
512.0
128.0
2112.0
2112.0
3200.0
640.0
-2432.0
-2112.0
-2688.0
448.0
1152.0
896.0
128.0
-64.0
-1664.0
-192.0
-1024.0
1408.0
4096.0
4672.0
4544.0
-128.0
-256.0
64.0
-1792.0
-1024.0
-768.0
64.0
2304.0
64.0
-320.0
-1216.0
-1472.0
1088.0
1280.0
1024.0
-1088.0
2176.0
1216.0
-192.0
-2752.0
-3456.0
-2048.0
-640.0
1984.0
2176.0
3712.0
4288.0
2304.0
-64.0
-1344.0
-2944.0
-2112.0
-320.0
448.0
0.0
576.0
4288.0
6464.0
8192.0
7360.0
4544.0
5312.0
1088.0
-1920.0
-6848.0
-8000.0
-6208.0
1472.0
5184.0
6912.0
4352.0
448.0
896.0
2176.0
3968.0
3584.0
2688.0
320.0
-1664.0
768.0
-3200.0
-4800.0
-8768.0
-6080.0
-2432.0
2816.0
3840.0
5568.0
4032.0
3200.0
-1088.0
-2944.0
-320.0
2816.0
2368.0
512.0
-576.0
-640.0
-2496.0
-2880.0
-1216.0
128.0
1472.0
1792.0
2368.0
3584.0
832.0
-1728.0
-2496.0
-256.0
2240.0
4864.0
-1920.0
-4288.0
-5952.0
-640.0
2304.0
3840.0
2112.0
-64.0
3136.0
4480.0
-256.0
-2368.0
-1792.0
-128.0
2048.0
2560.0
-1600.0
-3392.0
-3648.0
-192.0
5184.0
7616.0
2688.0
192.0
0.0
384.0
960.0
1088.0
2560.0
2688.0
1024.0
-1216.0
-4224.0
-2816.0
-2496.0
-832.0
576.0
2624.0
2560.0
832.0
-3008.0
-2112.0
1600.0
4608.0
3904.0
-512.0
-3264.0
-1984.0
1536.0
3712.0
1216.0
-4352.0
-6336.0
-6848.0
-1984.0
-640.0
768.0
384.0
2048.0
1728.0
1216.0
-2176.0
-3200.0
-3968.0
1088.0
3136.0
5120.0
2944.0
3648.0
1728.0
64.0
-896.0
256.0
2240.0
2048.0
2880.0
-448.0
-1728.0
-896.0
-2368.0
-704.0
896.0
-320.0
640.0
384.0
-1088.0
2368.0
-384.0
1792.0
3136.0
1088.0
-960.0
-1536.0
-1664.0
-256.0
384.0
256.0
-2176.0
-4224.0
-2496.0
-576.0
640.0
1280.0
192.0
2880.0
5120.0
2560.0
-1472.0
-3136.0
-1280.0
-2816.0
-5504.0
-9536.0
-8448.0
-4096.0
1600.0
2432.0
256.0
-1984.0
-64.0
4672.0
5248.0
-320.0
2112.0
3968.0
3776.0
-4480.0
-8256.0
-10176.0
-8512.0
-4416.0
960.0
5248.0
9088.0
7040.0
4480.0
6464.0
4928.0
2752.0
-832.0
-1344.0
-6528.0
-8704.0
-7232.0
-3392.0
-3008.0
-1664.0
384.0
2368.0
1856.0
2624.0
3648.0
5120.0
3264.0
1728.0
-64.0
192.0
2752.0
4608.0
2176.0
-1856.0
-3072.0
-3264.0
960.0
192.0
-4928.0
-7040.0
-5888.0
-2176.0
-192.0
1536.0
-128.0
0.0
-1216.0
-2112.0
-1152.0
1536.0
1856.0
-64.0
256.0
1024.0
1792.0
256.0
-2176.0
-2048.0
-3392.0
-3392.0
-2944.0
-2432.0
5952.0
9344.0
4736.0
832.0
-384.0
320.0
-704.0
-512.0
128.0
-1216.0
-1728.0
-6656.0
-7232.0
-896.0
4928.0
3648.0
4992.0
2752.0
3328.0
2816.0
768.0
-704.0
1536.0
2688.0
3776.0
-832.0
-4480.0
-7552.0
-6848.0
-3584.0
1280.0
-576.0
-896.0
-1984.0
-2240.0
-512.0
512.0
3904.0
4032.0
2880.0
-1088.0
-256.0
832.0
1856.0
-1152.0
-2240.0
-2304.0
-2496.0
-5184.0
-3776.0
-2112.0
128.0
256.0
-1280.0
-128.0
2688.0
4992.0
3072.0
-1920.0
-256.0
576.0
896.0
-64.0
-1152.0
-2368.0
-832.0
-1344.0
640.0
1408.0
2112.0
-256.0
768.0
2176.0
4096.0
1728.0
1792.0
896.0
2816.0
1728.0
0.0
-384.0
896.0
1472.0
3904.0
4672.0
2944.0
-3712.0
-4352.0
-2304.0
-1216.0
-1152.0
-3584.0
-5248.0
-6592.0
-4800.0
-5184.0
-2880.0
2240.0
5376.0
6400.0
5440.0
4032.0
1152.0
-1408.0
-4352.0
-4736.0
-3200.0
-1344.0
-1216.0
-4608.0
-5632.0
-4672.0
-1856.0
1920.0
4416.0
5120.0
5248.0
3968.0
3648.0
3584.0
2240.0
1728.0
2496.0
448.0
192.0
-3072.0
-1600.0
-384.0
-1216.0
-832.0
-128.0
1920.0
2752.0
2560.0
-2240.0
-2624.0
-192.0
1408.0
1920.0
1216.0
-576.0
-2496.0
320.0
1216.0
1280.0
192.0
576.0
1920.0
2624.0
2944.0
1280.0
-1664.0
-2752.0
-6336.0
-7424.0
-12544.0
-9728.0
-2688.0
5696.0
5312.0
4928.0
-704.0
1088.0
3584.0
7808.0
7168.0
512.0
1920.0
-1088.0
1984.0
576.0
-1536.0
-3264.0
-1920.0
576.0
-3200.0
-384.0
1920.0
4928.0
2368.0
1664.0
2688.0
64.0
-320.0
-5376.0
-4992.0
-3648.0
-2752.0
-3008.0
-3136.0
-2112.0
-1728.0
128.0
3776.0
5696.0
2944.0
-576.0
-3456.0
64.0
192.0
-3648.0
-6784.0
-7360.0
-5568.0
-2368.0
3136.0
3840.0
1792.0
-4608.0
-5568.0
-1024.0
7296.0
8192.0
1856.0
512.0
-64.0
1152.0
6528.0
6144.0
320.0
64.0
-1088.0
-3648.0
-3392.0
-2304.0
-1664.0
-2496.0
-3776.0
-3328.0
-1728.0
-2880.0
-4544.0
-3776.0
-3008.0
-1920.0
-3584.0
-1472.0
-1280.0
-768.0
-1920.0
-5376.0
-2368.0
128.0
-2304.0
-5696.0
-10048.0
-8576.0
-9920.0
-13952.0
-8832.0
-7232.0
-5120.0
-6848.0
-11776.0
-14400.0
-9344.0
-6336.0
-5760.0
-5184.0
-5376.0
-9280.0
-10496.0
-5760.0
-2048.0
-448.0
-640.0
640.0
2112.0
3200.0
6272.0
4736.0
6720.0
5376.0
2624.0
-320.0
1088.0
1472.0
-384.0
2432.0
3648.0
5056.0
-1856.0
-3136.0
1088.0
2688.0
3776.0
5312.0
6592.0
7040.0
6848.0
7424.0
6720.0
6656.0
5184.0
7232.0
6784.0
8640.0
3840.0
3008.0
1408.0
3072.0
384.0
832.0
-768.0
-640.0
-3968.0
-5568.0
-3840.0
-512.0
1600.0
-128.0
-4224.0
-4992.0
-7552.0
-7872.0
-10112.0
-13696.0
-14208.0
-6720.0
-6784.0
-7680.0
-9152.0
-8000.0
-7040.0
-6336.0
-5568.0
-704.0
576.0
1792.0
2432.0
4096.0
4288.0
3968.0
3648.0
3008.0
2304.0
-1408.0
-10048.0
-6144.0
4992.0
5888.0
2880.0
2048.0
2048.0
5248.0
6272.0
6976.0
5824.0
6592.0
6720.0
5184.0
4928.0
4288.0
4864.0
3008.0
3072.0
3776.0
4160.0
3136.0
6144.0
3968.0
2688.0
1920.0
4288.0
4800.0
5696.0
6144.0
5248.0
4992.0
4096.0
1152.0
192.0
1216.0
2368.0
0.0
-512.0
-3008.0
-3520.0
-2048.0
-2944.0
-192.0
-832.0
-256.0
-320.0
-1856.0
-3968.0
-3712.0
-4160.0
-3712.0
-1344.0
768.0
896.0
3392.0
6976.0
9472.0
7168.0
3008.0
-9728.0
-19776.0
-6848.0
-3072.0
832.0
2688.0
4608.0
5568.0
7360.0
6080.0
3200.0
1472.0
2880.0
3968.0
12480.0
13568.0
13120.0
6016.0
2624.0
-5120.0
-11264.0
-17024.0
-7872.0
-768.0
8256.0
10240.0
2752.0
192.0
-64.0
704.0
2624.0
1216.0
2432.0
3392.0
2752.0
1600.0
2048.0
2752.0
1536.0
1408.0
2304.0
5824.0
4480.0
1088.0
-3200.0
-576.0
768.0
-384.0
-2048.0
-128.0
0.0
2304.0
1792.0
1920.0
4480.0
4480.0
512.0
-1280.0
-1216.0
-64.0
768.0
1600.0
640.0
512.0
2304.0
832.0
-1024.0
-2560.0
-320.0
2048.0
192.0
-256.0
-128.0
640.0
-1728.0
-6400.0
-5632.0
-4992.0
2496.0
1920.0
704.0
-3648.0
-4352.0
-4544.0
-3904.0
-4992.0
-6464.0
-7104.0
-12224.0
-10112.0
-6080.0
-6656.0
-12160.0
-11648.0
-10240.0
-6464.0
-10304.0
-13952.0
-15552.0
-12864.0
-8192.0
-6464.0
-13440.0
-16192.0
-16640.0
-13696.0
-13248.0
-14848.0
-14208.0
-11200.0
-8192.0
-21056.0
-25920.0
-8960.0
-1728.0
-11520.0
-22592.0
-21312.0
-9792.0
-9408.0
-15232.0
-14080.0
-13504.0
-11200.0
-12672.0
-14848.0
-14656.0
-10240.0
-9536.0
-13120.0
-11200.0
-10304.0
-11968.0
-8640.0
-7424.0
-10624.0
-11328.0
-11072.0
-4928.0
-6464.0
-7488.0
-8000.0
-4800.0
-3264.0
-4416.0
-1152.0
-768.0
-1856.0
-4224.0
-4416.0
5376.0
2688.0
768.0
4736.0
4544.0
8768.0
8832.0
8384.0
10944.0
6464.0
1984.0
5888.0
6080.0
13440.0
15616.0
13888.0
9088.0
2496.0
2816.0
6720.0
10304.0
12864.0
8192.0
4416.0
-2304.0
-896.0
-192.0
2240.0
896.0
2240.0
3904.0
1728.0
2496.0
2304.0
2560.0
3584.0
3456.0
3712.0
192.0
704.0
768.0
2240.0
768.0
768.0
1344.0
1344.0
704.0
128.0
1792.0
0.0
-512.0
-832.0
-832.0
-960.0
-1600.0
-1216.0
-2048.0
-64.0
-768.0
-1088.0
-2880.0
-2560.0
-2176.0
-1536.0
-320.0
1408.0
192.0
768.0
-768.0
256.0
640.0
1088.0
640.0
1280.0
1792.0
1408.0
-640.0
576.0
-192.0
1344.0
1920.0
1984.0
3648.0
3456.0
4288.0
3072.0
832.0
256.0
2304.0
2496.0
3648.0
2752.0
3072.0
2752.0
2112.0
2240.0
1600.0
1984.0
1088.0
960.0
2496.0
3648.0
2816.0
2048.0
-64.0
-2048.0
-2176.0
128.0
1728.0
1984.0
2496.0
2624.0
2112.0
-1472.0
-3072.0
128.0
2560.0
2304.0
2624.0
-832.0
-192.0
-192.0
960.0
1408.0
896.0
1600.0
-320.0
-128.0
256.0
1408.0
1472.0
1536.0
1536.0
1920.0
2560.0
2432.0
1664.0
1088.0
1856.0
2432.0
2688.0
2432.0
2176.0
1728.0
2112.0
1088.0
2176.0
2368.0
3840.0
2240.0
-256.0
1792.0
704.0
1024.0
768.0
256.0
256.0
512.0
-448.0
-1600.0
-2240.0
-1472.0
832.0
3520.0
5376.0
4096.0
1792.0
1216.0
960.0
2176.0
2112.0
-896.0
-960.0
-448.0
384.0
640.0
448.0
-896.0
-1152.0
0.0
1024.0
1088.0
896.0
128.0
-384.0
960.0
1472.0
2880.0
3520.0
3200.0
1792.0
704.0
448.0
1344.0
2368.0
3072.0
1600.0
960.0
64.0
-1280.0
-1024.0
-576.0
1792.0
2880.0
3072.0
4352.0
2240.0
704.0
-192.0
-1408.0
192.0
4160.0
3584.0
-832.0
320.0
3712.0
4544.0
2176.0
2240.0
1536.0
-2432.0
-4160.0
-1344.0
1984.0
1280.0
640.0
832.0
1792.0
-896.0
-1600.0
320.0
1216.0
576.0
1408.0
1856.0
2176.0
640.0
-256.0
64.0
1088.0
1728.0
3392.0
2304.0
1408.0
-1088.0
-2048.0
-1024.0
1280.0
2304.0
1856.0
960.0
512.0
448.0
896.0
2048.0
960.0
896.0
2048.0
3136.0
3392.0
2688.0
2112.0
1088.0
512.0
640.0
1600.0
1728.0
1664.0
1792.0
1280.0
448.0
896.0
1536.0
1152.0
192.0
512.0
-192.0
-64.0
1344.0
1600.0
1472.0
1024.0
960.0
1472.0
1216.0
576.0
640.0
640.0
768.0
1856.0
2048.0
2240.0
2112.0
1536.0
320.0
256.0
1024.0
1920.0
1856.0
448.0
64.0
576.0
1408.0
3008.0
3072.0
1856.0
960.0
448.0
960.0
960.0
832.0
-1216.0
-1856.0
-192.0
512.0
1024.0
192.0
576.0
1344.0
960.0
1088.0
1600.0
1728.0
1088.0
640.0
2368.0
2112.0
2624.0
2112.0
704.0
1664.0
1216.0
1984.0
1664.0
1088.0
128.0
192.0
1216.0
2112.0
1472.0
1024.0
1216.0
2624.0
4096.0
3584.0
384.0
-384.0
64.0
1856.0
2496.0
3200.0
1792.0
1152.0
192.0
128.0
-256.0
-64.0
576.0
2304.0
2560.0
960.0
-1408.0
-1856.0
-1408.0
768.0
2368.0
2560.0
-64.0
-896.0
768.0
1600.0
704.0
832.0
64.0
448.0
1536.0
2496.0
1920.0
1600.0
576.0
384.0
1088.0
2240.0
2688.0
3008.0
2944.0
1984.0
1408.0
1024.0
960.0
1536.0
2176.0
2368.0
1408.0
192.0
-1664.0
-256.0
640.0
1344.0
832.0
512.0
384.0
384.0
320.0
64.0
512.0
1664.0
1664.0
2048.0
1216.0
768.0
320.0
384.0
1152.0
2560.0
1536.0
256.0
-192.0
1408.0
2368.0
1920.0
1408.0
128.0
448.0
704.0
1152.0
1792.0
2240.0
1728.0
640.0
-512.0
-768.0
-256.0
896.0
704.0
320.0
-384.0
-64.0
2176.0
2048.0
1280.0
0.0
512.0
1024.0
1664.0
768.0
768.0
2368.0
2176.0
2880.0
1792.0
1216.0
3712.0
5120.0
4224.0
3200.0
2496.0
2304.0
1536.0
1792.0
1728.0
1472.0
192.0
-1792.0
-2496.0
-1472.0
896.0
1088.0
64.0
0.0
-256.0
1024.0
1472.0
2112.0
1728.0
1280.0
-128.0
320.0
192.0
384.0
384.0
1216.0
2368.0
2240.0
704.0
1088.0
1216.0
1216.0
704.0
704.0
1280.0
1792.0
1088.0
128.0
1344.0
1920.0
2624.0
2816.0
1984.0
2368.0
2880.0
3072.0
2176.0
1792.0
1408.0
3136.0
3584.0
2752.0
-256.0
-1344.0
-256.0
1600.0
1600.0
-64.0
-1664.0
-960.0
320.0
1152.0
1472.0
512.0
-64.0
320.0
2112.0
2240.0
1600.0
512.0
-1152.0
576.0
1792.0
2944.0
3136.0
128.0
-1984.0
-2112.0
768.0
3008.0
2624.0
192.0
-512.0
-192.0
2176.0
3200.0
3200.0
1152.0
640.0
256.0
640.0
1536.0
2432.0
2752.0
2112.0
704.0
512.0
-192.0
-320.0
1472.0
2944.0
2752.0
896.0
-832.0
-1152.0
-128.0
1088.0
3008.0
2496.0
1600.0
0.0
320.0
704.0
2432.0
3008.0
2944.0
1536.0
768.0
384.0
448.0
896.0
1536.0
1856.0
1856.0
1280.0
768.0
-448.0
-576.0
-256.0
1856.0
2496.0
2240.0
192.0
-704.0
-1856.0
-576.0
2112.0
3200.0
2688.0
512.0
-768.0
-768.0
320.0
1920.0
2752.0
3136.0
2240.0
768.0
320.0
576.0
2176.0
3200.0
2944.0
2048.0
1152.0
320.0
1088.0
2048.0
3136.0
2112.0
1344.0
-320.0
0.0
1088.0
1728.0
896.0
1088.0
1536.0
1792.0
1408.0
896.0
256.0
256.0
384.0
1088.0
1088.0
512.0
256.0
576.0
832.0
1024.0
576.0
512.0
320.0
896.0
1344.0
1856.0
1792.0
1088.0
1856.0
2624.0
2624.0
448.0
-128.0
256.0
640.0
2432.0
3072.0
1984.0
128.0
-1408.0
-1536.0
-192.0
1600.0
3712.0
4416.0
1984.0
-640.0
-512.0
448.0
2368.0
3840.0
3520.0
1600.0
128.0
320.0
2624.0
3520.0
3776.0
2816.0
-1600.0
-1088.0
320.0
2048.0
2496.0
1728.0
-1408.0
-1600.0
-640.0
1856.0
2944.0
2432.0
320.0
-128.0
640.0
2560.0
2752.0
1152.0
-320.0
-448.0
768.0
2368.0
3200.0
3648.0
832.0
-1216.0
-1216.0
128.0
3200.0
3072.0
576.0
-256.0
64.0
2368.0
2752.0
2944.0
704.0
320.0
768.0
1664.0
3584.0
3008.0
1216.0
-576.0
1856.0
3392.0
4160.0
3264.0
-128.0
-1088.0
-576.0
2304.0
3456.0
3136.0
256.0
-768.0
-896.0
2240.0
2432.0
1792.0
-704.0
-1344.0
-576.0
384.0
2240.0
1536.0
192.0
-960.0
-192.0
384.0
2048.0
2304.0
640.0
-256.0
-320.0
1024.0
2304.0
2240.0
512.0
-128.0
768.0
2496.0
3072.0
1856.0
832.0
-320.0
1984.0
2752.0
2560.0
1088.0
768.0
1152.0
1664.0
1664.0
1216.0
960.0
1600.0
1920.0
2240.0
1856.0
640.0
576.0
1216.0
1984.0
2816.0
1344.0
192.0
64.0
1088.0
1408.0
1664.0
1536.0
64.0
192.0
960.0
2048.0
1024.0
512.0
-384.0
-64.0
1408.0
2304.0
2048.0
-384.0
-832.0
64.0
1856.0
2560.0
640.0
-256.0
-256.0
1088.0
2624.0
2496.0
1408.0
1088.0
832.0
1536.0
1984.0
2432.0
2624.0
1856.0
1600.0
1472.0
2048.0
1984.0
1728.0
1792.0
1408.0
1024.0
704.0
1280.0
1728.0
2112.0
1856.0
192.0
128.0
768.0
1792.0
1792.0
896.0
-64.0
64.0
384.0
640.0
1280.0
384.0
256.0
320.0
896.0
1280.0
896.0
704.0
448.0
384.0
192.0
704.0
1408.0
1664.0
1856.0
768.0
512.0
832.0
1728.0
2240.0
1600.0
896.0
1088.0
1216.0
1344.0
1664.0
2112.0
2112.0
1664.0
1152.0
640.0
1216.0
2112.0
1984.0
1216.0
1088.0
832.0
640.0
960.0
1536.0
1792.0
1408.0
1152.0
256.0
-320.0
192.0
1728.0
1728.0
1280.0
128.0
256.0
512.0
1280.0
1472.0
1856.0
896.0
704.0
384.0
1024.0
1472.0
1216.0
1024.0
448.0
960.0
960.0
1856.0
1344.0
960.0
576.0
448.0
1216.0
1792.0
1792.0
1088.0
832.0
960.0
1472.0
1664.0
1280.0
512.0
384.0
1216.0
1856.0
1856.0
768.0
320.0
576.0
1408.0
1920.0
1600.0
640.0
768.0
448.0
704.0
1856.0
1984.0
1792.0
704.0
320.0
384.0
1536.0
1664.0
1344.0
-64.0
512.0
1408.0
2496.0
2496.0
1472.0
1088.0
896.0
1792.0
2112.0
2176.0
1984.0
1280.0
-64.0
-64.0
896.0
1984.0
2304.0
1344.0
-384.0
-512.0
576.0
896.0
1472.0
1024.0
448.0
384.0
448.0
192.0
512.0
640.0
1216.0
384.0
384.0
704.0
1024.0
896.0
1152.0
960.0
1792.0
1920.0
1408.0
320.0
-256.0
576.0
2368.0
2752.0
2880.0
2048.0
1792.0
1408.0
1856.0
1472.0
1088.0
384.0
384.0
