0.0
-128.0
64.0
-128.0
-128.0
-64.0
64.0
-64.0
64.0
-320.0
-384.0
-320.0
-192.0
-192.0
-256.0
-128.0
-128.0
-128.0
64.0
-320.0
-384.0
-128.0
768.0
1088.0
640.0
640.0
-64.0
-448.0
-704.0
-448.0
-320.0
384.0
512.0
128.0
-768.0
-576.0
192.0
448.0
-128.0
-192.0
192.0
640.0
1088.0
384.0
-384.0
-832.0
-640.0
-256.0
-832.0
-896.0
-512.0
-448.0
-448.0
-832.0
-1088.0
-384.0
704.0
1344.0
1088.0
-64.0
-384.0
256.0
448.0
576.0
64.0
-256.0
-64.0
512.0
-256.0
-1152.0
-768.0
-512.0
-320.0
512.0
512.0
256.0
-384.0
-320.0
384.0
1088.0
-64.0
-1088.0
-128.0
512.0
1408.0
512.0
-1024.0
-960.0
768.0
960.0
-576.0
-1088.0
-1088.0
832.0
-1536.0
-1344.0
-192.0
128.0
384.0
384.0
1664.0
2752.0
3328.0
2368.0
512.0
-256.0
-1408.0
-640.0
-384.0
-832.0
-704.0
-1216.0
-1408.0
-640.0
-448.0
-448.0
-192.0
704.0
1664.0
1728.0
1408.0
1088.0
-384.0
-768.0
-448.0
448.0
1344.0
-832.0
-1024.0
-832.0
640.0
-896.0
256.0
1856.0
320.0
-704.0
-384.0
192.0
1152.0
-256.0
-384.0
-256.0
-704.0
-768.0
0.0
-768.0
0.0
576.0
704.0
1280.0
-512.0
-384.0
192.0
-832.0
-1152.0
-1472.0
-448.0
320.0
-256.0
-896.0
-704.0
-832.0
-448.0
1024.0
832.0
-320.0
-1472.0
-832.0
576.0
-192.0
-1536.0
-1152.0
-192.0
384.0
384.0
64.0
384.0
1920.0
704.0
-1728.0
-2112.0
-576.0
320.0
256.0
-768.0
320.0
3136.0
2304.0
384.0
-704.0
64.0
-640.0
-1728.0
-1792.0
-576.0
2496.0
1600.0
-1664.0
-1216.0
-448.0
896.0
2816.0
704.0
-832.0
-192.0
-832.0
-512.0
-640.0
-832.0
64.0
704.0
-384.0
-1280.0
-1280.0
384.0
1024.0
1280.0
2048.0
512.0
-640.0
-256.0
-640.0
640.0
896.0
2304.0
1088.0
448.0
-256.0
128.0
1472.0
512.0
-448.0
-1664.0
-1536.0
-704.0
-1856.0
-832.0
-832.0
1216.0
384.0
-896.0
-1344.0
64.0
1472.0
1728.0
1024.0
512.0
-1984.0
-2048.0
-2496.0
-1664.0
-256.0
-576.0
-2304.0
-1792.0
832.0
1344.0
1344.0
1216.0
-256.0
-1920.0
-64.0
3136.0
1984.0
-2688.0
-1536.0
-1024.0
192.0
0.0
1600.0
2368.0
640.0
640.0
1536.0
1536.0
2112.0
-1920.0
-1280.0
-1536.0
0.0
0.0
-1856.0
-2624.0
-704.0
-384.0
-448.0
-576.0
128.0
896.0
-384.0
-512.0
-384.0
-384.0
1088.0
1024.0
896.0
1792.0
-192.0
-832.0
-1792.0
-640.0
0.0
-192.0
256.0
832.0
640.0
2176.0
1472.0
1728.0
1984.0
-128.0
-1216.0
-1664.0
-576.0
-640.0
-192.0
832.0
-640.0
-1088.0
-832.0
-2944.0
-3712.0
-3200.0
-4480.0
-4416.0
-2176.0
-1600.0
-1088.0
1280.0
2496.0
2944.0
2112.0
3008.0
3200.0
3904.0
2240.0
3072.0
2432.0
256.0
-832.0
-1088.0
1280.0
384.0
-2496.0
-2624.0
-2880.0
-1984.0
832.0
1088.0
-448.0
-320.0
384.0
960.0
512.0
128.0
-256.0
512.0
256.0
-704.0
-1280.0
-1792.0
-2048.0
-2304.0
-1280.0
-1024.0
1344.0
1344.0
1152.0
-256.0
-256.0
1984.0
256.0
-1216.0
-640.0
-960.0
832.0
1792.0
1728.0
192.0
0.0
2368.0
1408.0
1280.0
1344.0
448.0
-128.0
-1088.0
-640.0
832.0
1216.0
64.0
-1216.0
-832.0
512.0
704.0
-448.0
-2432.0
-1984.0
-256.0
-960.0
-2048.0
-2176.0
832.0
1856.0
-1088.0
-3264.0
-3520.0
-3200.0
-1920.0
-2112.0
-2240.0
-192.0
2048.0
2176.0
4160.0
4736.0
5376.0
6016.0
5376.0
5888.0
5760.0
4544.0
3136.0
-1216.0
-5184.0
-3648.0
-4480.0
-3840.0
-3712.0
-2304.0
-2240.0
-1600.0
-1024.0
128.0
-576.0
-128.0
1664.0
1024.0
-1408.0
-2560.0
-2112.0
0.0
-3200.0
-3968.0
-2432.0
0.0
-1536.0
-2240.0
-1920.0
-384.0
1600.0
2112.0
3584.0
3264.0
2240.0
2368.0
1152.0
1472.0
-1024.0
-1344.0
-576.0
-128.0
1792.0
1600.0
-576.0
-2112.0
512.0
1280.0
-320.0
-64.0
1600.0
2112.0
704.0
128.0
704.0
128.0
-1984.0
-576.0
704.0
64.0
-384.0
-2752.0
-1984.0
-3648.0
-2880.0
-1024.0
576.0
1664.0
832.0
1920.0
128.0
-1216.0
-2304.0
-1216.0
-192.0
576.0
-640.0
-192.0
320.0
192.0
512.0
1344.0
2496.0
640.0
-768.0
-768.0
-1856.0
-1472.0
0.0
-640.0
-1024.0
896.0
1792.0
704.0
384.0
-832.0
-256.0
2176.0
1408.0
2432.0
1408.0
-1088.0
-704.0
-512.0
2112.0
3136.0
-192.0
-3008.0
-3072.0
-5056.0
-4352.0
-4096.0
-3904.0
-4352.0
-2304.0
-704.0
-960.0
128.0
384.0
448.0
3520.0
3392.0
3648.0
5184.0
6080.0
3456.0
512.0
896.0
576.0
-512.0
-1920.0
-2496.0
-2304.0
-1536.0
-640.0
-1536.0
-2944.0
-3392.0
-2368.0
-2880.0
-2688.0
-1152.0
960.0
2240.0
2496.0
1984.0
2944.0
-640.0
256.0
896.0
1600.0
-832.0
-1024.0
64.0
-192.0
0.0
1664.0
2560.0
1280.0
1536.0
704.0
-128.0
-2112.0
-1984.0
-1408.0
-1408.0
-576.0
-128.0
-768.0
-1856.0
-640.0
2112.0
-1216.0
-2432.0
-3840.0
-4864.0
-4672.0
-2432.0
1088.0
2944.0
1280.0
2112.0
1152.0
2944.0
5312.0
7168.0
4544.0
3200.0
5568.0
3328.0
960.0
-1984.0
-11072.0
-6016.0
-3904.0
-4800.0
-5504.0
-4224.0
-3136.0
-896.0
640.0
64.0
2048.0
384.0
1280.0
2560.0
2624.0
-512.0
1152.0
832.0
-896.0
-512.0
-1408.0
-1984.0
-2048.0
-3008.0
-2304.0
-1536.0
0.0
1536.0
640.0
192.0
832.0
1472.0
1792.0
2432.0
2240.0
1856.0
2112.0
768.0
-832.0
-320.0
-1152.0
-2176.0
-3136.0
-3392.0
-1984.0
-640.0
-2816.0
-896.0
1664.0
576.0
-768.0
-448.0
704.0
-640.0
-1920.0
768.0
896.0
2048.0
2688.0
1856.0
768.0
256.0
0.0
896.0
-128.0
-1536.0
-192.0
1536.0
1472.0
640.0
-1280.0
384.0
384.0
1344.0
128.0
-1024.0
-1408.0
-640.0
832.0
1472.0
1408.0
-1024.0
-2624.0
-3264.0
-2816.0
-1792.0
-832.0
-832.0
-3584.0
-3264.0
1472.0
2304.0
2368.0
2368.0
3904.0
5120.0
7232.0
6720.0
3584.0
960.0
0.0
-2304.0
-704.0
192.0
-1536.0
-3648.0
-6272.0
-2752.0
-2752.0
-2880.0
-4224.0
-2240.0
-1920.0
448.0
64.0
1600.0
2368.0
2304.0
1664.0
1984.0
2880.0
2560.0
2432.0
1472.0
704.0
128.0
832.0
384.0
320.0
-1408.0
-1536.0
-2560.0
-2496.0
-2944.0
-3072.0
-1920.0
-1920.0
-1536.0
256.0
576.0
-384.0
-320.0
1024.0
768.0
640.0
1984.0
1472.0
1792.0
3264.0
3200.0
3520.0
3200.0
3328.0
3776.0
-1408.0
-1728.0
-6208.0
-10688.0
-3520.0
-8384.0
-2816.0
-3840.0
0.0
-512.0
2112.0
3456.0
5248.0
3776.0
2752.0
1152.0
2624.0
1280.0
2688.0
-1792.0
-2624.0
-3456.0
-3136.0
-2432.0
-2112.0
-512.0
-1600.0
-576.0
-896.0
-256.0
1536.0
2304.0
3840.0
2368.0
3200.0
64.0
-832.0
-704.0
-4224.0
-3328.0
512.0
320.0
-640.0
0.0
-1536.0
128.0
-1472.0
-2048.0
-1408.0
-960.0
-1920.0
128.0
1984.0
2944.0
1984.0
640.0
1344.0
1792.0
1536.0
1216.0
1728.0
1536.0
256.0
0.0
384.0
512.0
192.0
-2688.0
-3200.0
-2944.0
64.0
640.0
-1984.0
-2944.0
-2240.0
-3136.0
-2176.0
-960.0
-448.0
-704.0
896.0
1536.0
1600.0
1536.0
2368.0
1920.0
2240.0
3008.0
3520.0
1472.0
-256.0
832.0
1792.0
1024.0
-1088.0
-3264.0
-4416.0
-8256.0
-2496.0
-2624.0
-2816.0
-3456.0
-2944.0
-1472.0
2560.0
3328.0
2048.0
1024.0
3904.0
3008.0
3840.0
2240.0
3904.0
3520.0
896.0
-768.0
-448.0
-2880.0
-2112.0
-3456.0
-3328.0
-3200.0
-4288.0
-2368.0
128.0
1984.0
-320.0
3264.0
1024.0
512.0
-448.0
1984.0
1152.0
896.0
1728.0
1984.0
2176.0
1280.0
1088.0
2048.0
2240.0
1856.0
-1600.0
-3904.0
-4608.0
-2496.0
-4032.0
-2752.0
-960.0
-3072.0
64.0
2176.0
1536.0
5440.0
3712.0
4352.0
448.0
1024.0
-1408.0
64.0
-1600.0
-2112.0
-2048.0
-3264.0
-2752.0
-1472.0
-1792.0
-1408.0
-1152.0
-576.0
3136.0
3328.0
896.0
-1152.0
-1664.0
-2944.0
-1664.0
2496.0
2240.0
64.0
-256.0
-832.0
-2432.0
-832.0
-1536.0
-2432.0
-960.0
-1536.0
-704.0
384.0
1408.0
1408.0
2624.0
3264.0
3648.0
2752.0
4288.0
1920.0
-64.0
128.0
-64.0
-2048.0
-4032.0
-3776.0
-3008.0
-2688.0
-2880.0
-3712.0
-3904.0
-2816.0
-2816.0
384.0
896.0
704.0
704.0
2624.0
1152.0
2240.0
2944.0
2368.0
2048.0
2240.0
1408.0
2560.0
448.0
0.0
3648.0
-128.0
-2304.0
-3328.0
-12032.0
-3648.0
-3008.0
-3264.0
-2432.0
-1344.0
-1600.0
-1344.0
832.0
2752.0
2304.0
2368.0
3456.0
4096.0
2624.0
1664.0
1408.0
1920.0
-1152.0
-2560.0
-1984.0
-3456.0
-3904.0
-7296.0
-6528.0
-3584.0
-1856.0
576.0
5120.0
1472.0
4032.0
6848.0
576.0
2624.0
1536.0
2880.0
1024.0
192.0
448.0
704.0
-1152.0
-1600.0
-1600.0
-832.0
-576.0
-384.0
-1792.0
-9664.0
-2752.0
-2240.0
-960.0
-1088.0
-1408.0
-704.0
4672.0
3584.0
4800.0
-1280.0
640.0
768.0
-896.0
1088.0
-2048.0
-3008.0
-2688.0
-2048.0
-64.0
2304.0
-192.0
-576.0
2048.0
1408.0
1408.0
448.0
-2944.0
-4992.0
-2496.0
-768.0
1280.0
1472.0
-512.0
-1216.0
-3520.0
-3520.0
-2048.0
-1856.0
-1280.0
320.0
768.0
1472.0
1856.0
4032.0
4672.0
3520.0
1920.0
2240.0
2304.0
2304.0
192.0
-2368.0
-3520.0
-3392.0
-3584.0
-4032.0
-4032.0
-7808.0
-1856.0
-2304.0
-896.0
384.0
512.0
2112.0
2176.0
704.0
2880.0
2304.0
2432.0
4160.0
1536.0
2304.0
4224.0
1664.0
-704.0
-2752.0
-1920.0
-256.0
-448.0
-4416.0
-3648.0
-2880.0
-1856.0
-1536.0
576.0
448.0
1536.0
1408.0
2048.0
2752.0
5888.0
3648.0
2816.0
256.0
1344.0
-832.0
-2240.0
-3456.0
-14656.0
-3456.0
-5952.0
-4160.0
-2688.0
-1664.0
-1536.0
896.0
4992.0
6272.0
3648.0
7680.0
2560.0
-1024.0
640.0
-960.0
-832.0
-128.0
768.0
-64.0
-3264.0
-3840.0
-2752.0
-384.0
-1408.0
-768.0
-1792.0
-768.0
64.0
-576.0
-192.0
64.0
1920.0
4096.0
3072.0
1280.0
1664.0
1024.0
768.0
1344.0
-2688.0
-3200.0
-2176.0
-1536.0
-640.0
1280.0
2624.0
1344.0
1728.0
1088.0
448.0
-2176.0
-3712.0
-3008.0
0.0
192.0
704.0
-1216.0
-2368.0
-2560.0
-3968.0
-3136.0
-704.0
-320.0
64.0
640.0
2304.0
1408.0
3776.0
5440.0
3328.0
1472.0
3328.0
2688.0
2816.0
1984.0
-3584.0
-2432.0
-2688.0
-12224.0
-8256.0
-8000.0
-2944.0
-3648.0
-1472.0
-640.0
-1920.0
-192.0
3008.0
3968.0
6080.0
3456.0
3072.0
3968.0
2304.0
2496.0
896.0
1280.0
2688.0
-64.0
-3200.0
-1152.0
-1024.0
-4032.0
-1344.0
-4992.0
-3200.0
-2496.0
-2112.0
448.0
1152.0
960.0
1280.0
3072.0
4288.0
5184.0
4928.0
3136.0
832.0
-1472.0
-3520.0
-4416.0
-4992.0
-4800.0
-9408.0
-4992.0
-6976.0
-3072.0
-896.0
4416.0
2432.0
3840.0
7808.0
8576.0
4480.0
1600.0
2304.0
1536.0
3392.0
2048.0
448.0
-1920.0
-2496.0
-3904.0
-3648.0
-3392.0
-4672.0
-3904.0
-4160.0
-3136.0
-2304.0
-2304.0
-2624.0
704.0
1344.0
448.0
4352.0
1280.0
128.0
8384.0
1088.0
3712.0
11456.0
7552.0
6848.0
-576.0
-1920.0
-1664.0
-4544.0
-4288.0
-3904.0
-5248.0
-5632.0
-640.0
2496.0
-2240.0
-128.0
-384.0
-1472.0
-5248.0
-6400.0
-5568.0
-3072.0
-3328.0
-3136.0
-2048.0
-1856.0
-960.0
-448.0
2368.0
2880.0
1728.0
3072.0
4096.0
3776.0
1472.0
2432.0
2816.0
1664.0
-128.0
-11456.0
-6080.0
-4032.0
-960.0
64.0
-128.0
832.0
-832.0
2944.0
3648.0
1472.0
1408.0
1664.0
1408.0
-320.0
3200.0
3200.0
3968.0
2304.0
-1408.0
-1728.0
-960.0
-1856.0
-1600.0
-2688.0
-7168.0
-2368.0
-3200.0
-1408.0
128.0
512.0
384.0
2624.0
4160.0
3712.0
1856.0
832.0
-576.0
320.0
-128.0
-960.0
-3200.0
-5248.0
-16064.0
-4288.0
-5632.0
-1984.0
-704.0
1024.0
7616.0
3712.0
9152.0
6464.0
2496.0
1664.0
1280.0
3712.0
2560.0
2048.0
1280.0
-1472.0
-2624.0
-3200.0
-2752.0
-4288.0
-3392.0
-4672.0
-7232.0
-3520.0
-3392.0
-832.0
-1408.0
-512.0
0.0
192.0
1984.0
3840.0
4352.0
3712.0
2496.0
1216.0
3072.0
512.0
3072.0
-1600.0
-2304.0
-2752.0
-2304.0
-3968.0
-1280.0
-1216.0
-256.0
1472.0
832.0
-320.0
-1472.0
-1600.0
-2752.0
-2240.0
-2432.0
-1536.0
-1920.0
-704.0
-1728.0
1664.0
2752.0
3520.0
1408.0
2752.0
3840.0
1984.0
3968.0
2048.0
1472.0
448.0
-1216.0
-4160.0
-2624.0
-4800.0
-4736.0
-3200.0
-3456.0
-2240.0
2560.0
1472.0
1344.0
1472.0
1920.0
1536.0
640.0
192.0
384.0
3456.0
4160.0
1664.0
-1600.0
-3520.0
-1920.0
-4288.0
-4736.0
-4736.0
-5184.0
-3776.0
-3392.0
-576.0
-448.0
-256.0
2496.0
3968.0
5696.0
4608.0
2560.0
832.0
-896.0
1216.0
512.0
-1216.0
-3136.0
-5440.0
-13760.0
-2624.0
64.0
-640.0
2816.0
-448.0
7744.0
6656.0
4672.0
8000.0
2112.0
128.0
-576.0
-960.0
2240.0
448.0
-192.0
0.0
-1152.0
-5568.0
-5696.0
-5888.0
-6720.0
-3136.0
-64.0
-384.0
320.0
-704.0
-64.0
576.0
192.0
1536.0
2048.0
3712.0
3712.0
1280.0
4352.0
-768.0
-1024.0
1344.0
-1856.0
-1792.0
-1152.0
-2560.0
-2944.0
-2048.0
-768.0
2688.0
3904.0
-384.0
-2432.0
-1920.0
-2560.0
-3392.0
-2624.0
-2304.0
-2112.0
-1856.0
-1408.0
320.0
2816.0
2432.0
2176.0
3840.0
2752.0
1856.0
2880.0
2688.0
1600.0
256.0
-2304.0
-4992.0
-17472.0
-3072.0
-1536.0
-1664.0
1664.0
-1088.0
1088.0
1792.0
1216.0
512.0
1920.0
3584.0
1536.0
832.0
1152.0
4416.0
2048.0
1536.0
896.0
-2560.0
-4416.0
-4096.0
-5248.0
-6400.0
-2624.0
-4672.0
768.0
-64.0
-832.0
1664.0
2304.0
3072.0
4096.0
3264.0
3264.0
-128.0
320.0
1344.0
-832.0
-3392.0
-4672.0
-4480.0
-5120.0
64.0
896.0
-1408.0
1792.0
3136.0
4800.0
2624.0
4160.0
4416.0
448.0
-448.0
-2496.0
-2368.0
384.0
1664.0
896.0
2816.0
1408.0
-5632.0
-5184.0
-4992.0
-1920.0
-320.0
2176.0
3648.0
4480.0
896.0
-768.0
-448.0
2176.0
960.0
2432.0
1472.0
-3776.0
-2496.0
-1600.0
-1280.0
-1472.0
-1152.0
-1536.0
-2944.0
-1792.0
-1664.0
-2240.0
-1280.0
-4032.0
-640.0
64.0
896.0
1984.0
832.0
-64.0
640.0
-384.0
-512.0
-768.0
-320.0
-768.0
768.0
-192.0
-1728.0
1664.0
64.0
-64.0
-384.0
-3328.0
1152.0
512.0
960.0
1088.0
64.0
-832.0
-2112.0
-3200.0
-2560.0
-320.0
384.0
1728.0
1280.0
1152.0
832.0
832.0
-512.0
2560.0
2240.0
9088.0
10752.0
3776.0
3648.0
2432.0
256.0
-10624.0
-9216.0
-7104.0
-10304.0
-7168.0
-6208.0
-4352.0
-1664.0
-1920.0
320.0
832.0
1728.0
2880.0
3328.0
3392.0
2304.0
896.0
-384.0
3264.0
4928.0
2240.0
1152.0
-320.0
-1920.0
-1216.0
-3904.0
-1664.0
-6016.0
-5184.0
-2560.0
-7040.0
-8960.0
960.0
-128.0
3328.0
2432.0
1344.0
3392.0
3968.0
3072.0
2176.0
2560.0
128.0
-384.0
-960.0
-1088.0
-64.0
-1472.0
-768.0
-2240.0
-1792.0
-1856.0
-6592.0
-4224.0
-3072.0
448.0
1472.0
-192.0
3136.0
-1152.0
1536.0
1792.0
4160.0
3456.0
-128.0
-1600.0
-2944.0
-3520.0
-4608.0
-1600.0
-1280.0
-1280.0
-448.0
-384.0
1280.0
2240.0
1664.0
2432.0
3328.0
3008.0
832.0
-448.0
-1152.0
-1536.0
-128.0
-4736.0
3328.0
6016.0
5184.0
7872.0
7808.0
1472.0
-6976.0
-768.0
3840.0
6208.0
1216.0
-6144.0
-4096.0
1472.0
-1024.0
-4416.0
-2304.0
-704.0
-3648.0
-4992.0
-5056.0
-6272.0
-4992.0
-4160.0
-2304.0
-1280.0
640.0
832.0
1024.0
1408.0
2048.0
1216.0
768.0
1536.0
1472.0
-64.0
64.0
320.0
0.0
64.0
-384.0
-1856.0
-1600.0
-1536.0
-1664.0
-1408.0
-1280.0
-1920.0
-2432.0
-2048.0
-1728.0
-2048.0
-2048.0
-1728.0
-2432.0
-3008.0
-4288.0
-4032.0
-4608.0
-3712.0
320.0
-192.0
1344.0
1664.0
2240.0
3520.0
20608.0
4416.0
4224.0
3968.0
3136.0
5184.0
1984.0
4672.0
-2624.0
-1088.0
-960.0
-4992.0
-2880.0
-2688.0
-2496.0
-3264.0
-2816.0
-1920.0
-4352.0
-2240.0
-2688.0
-2880.0
-2560.0
-2816.0
-2368.0
-1728.0
-896.0
-704.0
-576.0
-1408.0
-1216.0
-1472.0
-2048.0
-2240.0
-2624.0
-2112.0
-2176.0
-1856.0
-2880.0
-3264.0
-2304.0
-1792.0
-2304.0
-3008.0
-1024.0
-1472.0
-896.0
-704.0
-576.0
448.0
1344.0
1280.0
448.0
1536.0
640.0
1920.0
2176.0
896.0
-192.0
704.0
2432.0
-576.0
192.0
1280.0
1408.0
384.0
128.0
-320.0
832.0
1088.0
320.0
-1344.0
-1024.0
-128.0
192.0
192.0
-768.0
-960.0
-512.0
576.0
-64.0
832.0
512.0
256.0
-320.0
-960.0
64.0
-640.0
-1152.0
-448.0
-1344.0
-1920.0
-1472.0
-2944.0
-2304.0
-1984.0
-576.0
-1344.0
-1984.0
-1664.0
-704.0
0.0
-256.0
-1344.0
-1216.0
64.0
-128.0
320.0
256.0
0.0
512.0
1536.0
320.0
-640.0
128.0
640.0
1024.0
640.0
0.0
-192.0
320.0
-384.0
-256.0
320.0
-1472.0
-576.0
960.0
448.0
832.0
832.0
256.0
-1280.0
-1408.0
-384.0
-128.0
512.0
-640.0
-1792.0
-2112.0
-704.0
-832.0
-320.0
-448.0
-2112.0
-896.0
-1472.0
-2304.0
-512.0
-1664.0
-384.0
704.0
-1344.0
-1344.0
-768.0
960.0
576.0
-1856.0
-1152.0
-2368.0
-1408.0
-320.0
-1344.0
-768.0
-896.0
-128.0
-1088.0
-448.0
128.0
-192.0
256.0
1472.0
576.0
64.0
128.0
-192.0
1984.0
-320.0
256.0
-256.0
704.0
128.0
-1088.0
-256.0
-1536.0
576.0
-1088.0
-2432.0
-1216.0
0.0
-1088.0
-896.0
-768.0
-192.0
-1088.0
-1408.0
-1088.0
-832.0
0.0
-512.0
-1728.0
-128.0
-192.0
-1408.0
-1344.0
-256.0
1216.0
-512.0
-1664.0
-1408.0
-448.0
832.0
832.0
-1344.0
-1920.0
-320.0
1344.0
128.0
-960.0
-448.0
1280.0
320.0
-1216.0
-1216.0
-960.0
1472.0
-1024.0
-1408.0
-128.0
640.0
832.0
64.0
-1472.0
-896.0
128.0
320.0
-832.0
-576.0
448.0
-768.0
-1728.0
-832.0
-1152.0
768.0
832.0
256.0
-640.0
1856.0
-64.0
-2112.0
0.0
640.0
-960.0
0.0
448.0
-640.0
-1856.0
-1152.0
0.0
-448.0
-1600.0
-1152.0
192.0
-448.0
-320.0
-1152.0
-64.0
-256.0
-1728.0
-1216.0
128.0
128.0
-1856.0
-960.0
-64.0
448.0
-320.0
0.0
64.0
-128.0
-192.0
-384.0
1216.0
1024.0
1152.0
-576.0
640.0
1536.0
-128.0
512.0
192.0
-640.0
-1088.0
-1216.0
-1472.0
-192.0
-256.0
-1408.0
-768.0
-1600.0
-1216.0
320.0
-192.0
-1536.0
-768.0
768.0
320.0
512.0
-1216.0
-768.0
-320.0
0.0
-1216.0
-1408.0
512.0
-64.0
64.0
-1280.0
