64.0
-128.0
64.0
0.0
-320.0
64.0
64.0
0.0
-576.0
-832.0
-832.0
-256.0
64.0
-256.0
-384.0
0.0
768.0
1280.0
768.0
256.0
-320.0
-256.0
-384.0
0.0
-192.0
-192.0
64.0
320.0
64.0
-384.0
-704.0
-448.0
-896.0
-512.0
0.0
320.0
256.0
128.0
320.0
320.0
-192.0
-384.0
256.0
576.0
512.0
-64.0
-576.0
-1088.0
-1472.0
-704.0
320.0
768.0
512.0
-384.0
64.0
768.0
768.0
320.0
-128.0
-768.0
-512.0
320.0
256.0
-448.0
-1408.0
-1344.0
-384.0
640.0
896.0
832.0
576.0
448.0
640.0
768.0
0.0
-512.0
-512.0
-448.0
-640.0
-640.0
-256.0
-128.0
576.0
768.0
640.0
-896.0
-1600.0
384.0
1536.0
1024.0
320.0
-384.0
-320.0
-576.0
-704.0
-832.0
-576.0
0.0
320.0
256.0
-640.0
384.0
1280.0
-896.0
-1856.0
-512.0
320.0
1536.0
1152.0
576.0
-384.0
-960.0
-1728.0
-1024.0
-896.0
-192.0
-576.0
-448.0
256.0
384.0
-64.0
192.0
960.0
1472.0
832.0
128.0
-320.0
-704.0
-960.0
-448.0
-192.0
-384.0
0.0
256.0
-384.0
320.0
1216.0
384.0
1152.0
1984.0
1408.0
-576.0
-1280.0
-832.0
-576.0
-2624.0
-2880.0
-2048.0
-640.0
-1472.0
-512.0
1024.0
2048.0
1920.0
1024.0
512.0
768.0
1088.0
192.0
-512.0
-960.0
-512.0
960.0
1024.0
832.0
448.0
0.0
-1344.0
-1344.0
-1280.0
-704.0
704.0
320.0
-192.0
-64.0
-640.0
-256.0
-576.0
-1088.0
-1152.0
-384.0
-320.0
-768.0
64.0
832.0
704.0
-128.0
-2240.0
-2304.0
-1472.0
256.0
192.0
320.0
576.0
960.0
576.0
-1088.0
-512.0
512.0
1088.0
896.0
-320.0
-1472.0
-1472.0
-2112.0
-896.0
896.0
1216.0
448.0
-640.0
1280.0
1152.0
384.0
-1152.0
-640.0
256.0
832.0
-64.0
-320.0
0.0
-704.0
-1024.0
512.0
640.0
576.0
-1344.0
-704.0
-64.0
704.0
704.0
-832.0
-1600.0
-832.0
-640.0
-1216.0
0.0
1216.0
448.0
-832.0
-576.0
-768.0
-1024.0
1024.0
1408.0
1152.0
1088.0
320.0
512.0
-896.0
384.0
768.0
448.0
-512.0
-1536.0
-704.0
384.0
192.0
1216.0
2304.0
512.0
-512.0
448.0
-256.0
-1280.0
-768.0
832.0
576.0
-960.0
-1216.0
192.0
-384.0
-1472.0
-1792.0
-2432.0
-2176.0
-1216.0
-1088.0
-832.0
-832.0
448.0
576.0
384.0
-384.0
-1408.0
448.0
1536.0
128.0
-384.0
-1088.0
-640.0
0.0
-64.0
2176.0
3584.0
2176.0
1280.0
192.0
-1088.0
-512.0
128.0
320.0
320.0
-192.0
-896.0
192.0
-256.0
576.0
-704.0
-256.0
64.0
384.0
768.0
1280.0
640.0
-64.0
-448.0
320.0
320.0
-1152.0
-1856.0
-2304.0
-2048.0
-1344.0
0.0
256.0
-960.0
-1600.0
-128.0
1472.0
1920.0
1856.0
-1024.0
-512.0
2816.0
1408.0
-256.0
-2112.0
-2368.0
-640.0
-64.0
1344.0
1024.0
-1344.0
320.0
960.0
2176.0
1216.0
1088.0
64.0
-64.0
1536.0
2176.0
1792.0
-1024.0
-1216.0
-2176.0
-576.0
-256.0
-1984.0
-2240.0
-832.0
1472.0
2112.0
896.0
-640.0
-256.0
192.0
-256.0
-2752.0
-2816.0
-3200.0
-3584.0
-3456.0
-3328.0
-2880.0
704.0
1472.0
1600.0
448.0
-512.0
2176.0
3072.0
2432.0
3328.0
3008.0
3136.0
2624.0
2048.0
2624.0
2176.0
1664.0
1792.0
832.0
704.0
-1408.0
-1984.0
-1536.0
-768.0
-1280.0
-2176.0
-1536.0
-896.0
-64.0
-1088.0
-2496.0
-1984.0
-2240.0
-2624.0
-320.0
-512.0
-832.0
-1664.0
-512.0
320.0
192.0
-1408.0
-704.0
-448.0
704.0
0.0
-1472.0
256.0
1600.0
1600.0
1472.0
960.0
1024.0
768.0
-128.0
-512.0
2176.0
1664.0
2176.0
1088.0
-1536.0
-1472.0
448.0
-2048.0
-3072.0
-4480.0
-1024.0
-1216.0
64.0
-640.0
960.0
3584.0
4160.0
4416.0
3392.0
3264.0
2880.0
256.0
-8256.0
-3008.0
-1600.0
-3392.0
-1920.0
-2240.0
-192.0
768.0
-384.0
-64.0
2752.0
64.0
3200.0
2880.0
2240.0
576.0
1920.0
-3264.0
-512.0
-2240.0
-1792.0
-1664.0
-1856.0
64.0
128.0
1984.0
2560.0
1792.0
1344.0
-832.0
-192.0
320.0
-1472.0
-2304.0
-1984.0
192.0
1344.0
512.0
768.0
192.0
-1536.0
-1152.0
512.0
1728.0
2624.0
2560.0
1984.0
1088.0
-512.0
-2112.0
192.0
1856.0
-256.0
320.0
-2496.0
-2176.0
-4992.0
-3328.0
-3392.0
-960.0
128.0
256.0
1152.0
-1280.0
-2368.0
-1408.0
1920.0
4672.0
3328.0
1024.0
1728.0
1472.0
2496.0
1920.0
2560.0
1344.0
1088.0
-1152.0
-1472.0
-2368.0
1600.0
768.0
-832.0
-1984.0
-3392.0
-1600.0
-2816.0
-3712.0
-2880.0
-1280.0
384.0
-384.0
-1728.0
-256.0
704.0
1472.0
896.0
-320.0
1984.0
1344.0
192.0
1088.0
1024.0
1728.0
1216.0
1472.0
2240.0
512.0
448.0
448.0
-1088.0
-1600.0
-1408.0
-1280.0
-1408.0
-2496.0
-832.0
-832.0
256.0
64.0
-1664.0
-2304.0
-1472.0
-1088.0
-1536.0
-2944.0
-1216.0
576.0
64.0
1088.0
2048.0
2368.0
2240.0
3584.0
3328.0
4544.0
5248.0
3328.0
2624.0
2176.0
1280.0
256.0
-1920.0
-8896.0
-2752.0
-5248.0
-2880.0
-3392.0
-1152.0
-448.0
128.0
128.0
384.0
1536.0
640.0
896.0
1536.0
-64.0
1216.0
832.0
704.0
-576.0
-512.0
-128.0
-768.0
-640.0
576.0
2368.0
1536.0
1408.0
2560.0
-1152.0
-192.0
-1792.0
-2624.0
-2240.0
-1024.0
-1216.0
-384.0
576.0
960.0
1856.0
2176.0
1408.0
1600.0
1152.0
-896.0
-2624.0
-12352.0
-5376.0
-4352.0
-576.0
-1024.0
-64.0
1344.0
1152.0
1600.0
1472.0
1280.0
128.0
1024.0
2880.0
1792.0
2112.0
320.0
-832.0
-1600.0
-3264.0
-3264.0
-2880.0
1536.0
2880.0
896.0
2560.0
1152.0
-256.0
-128.0
320.0
960.0
1472.0
1280.0
-704.0
-1152.0
832.0
2496.0
768.0
-1984.0
-2816.0
-4736.0
-17088.0
-1024.0
-2688.0
256.0
-1088.0
-1664.0
2048.0
320.0
3392.0
4800.0
1152.0
1920.0
2496.0
2048.0
1728.0
3136.0
1280.0
960.0
2432.0
2560.0
1216.0
1216.0
-1280.0
-4800.0
-3200.0
-2944.0
-3776.0
-3392.0
-3904.0
-2432.0
-1408.0
-2304.0
-1280.0
-1216.0
1152.0
1984.0
2112.0
1728.0
832.0
3200.0
3520.0
4928.0
3072.0
2304.0
-64.0
-1472.0
-2176.0
-1856.0
-896.0
-3392.0
-3712.0
-1472.0
-1920.0
-832.0
-2240.0
-1728.0
-1728.0
-2368.0
1280.0
2880.0
2624.0
2176.0
2368.0
896.0
2240.0
1920.0
2304.0
3008.0
0.0
-320.0
1600.0
1664.0
-640.0
-64.0
-768.0
-2944.0
-3392.0
-6016.0
-4224.0
-3648.0
-1920.0
-896.0
-192.0
-576.0
448.0
2560.0
1536.0
576.0
1600.0
2560.0
-512.0
1152.0
1600.0
-1856.0
-448.0
1152.0
2496.0
2432.0
1600.0
64.0
-2432.0
-1408.0
-768.0
-640.0
-1152.0
-832.0
1728.0
2240.0
1408.0
512.0
768.0
-896.0
-4160.0
-2048.0
-12288.0
-2880.0
-3200.0
-1536.0
-2752.0
-896.0
-1088.0
832.0
2560.0
832.0
832.0
2560.0
3136.0
2880.0
1920.0
128.0
-768.0
-1408.0
320.0
1408.0
704.0
448.0
-640.0
-704.0
1280.0
1536.0
2048.0
-640.0
-1856.0
-1280.0
704.0
128.0
-256.0
-2496.0
-3776.0
-6528.0
-960.0
896.0
-1216.0
-1280.0
-640.0
1536.0
1728.0
4800.0
1792.0
1088.0
1088.0
1536.0
960.0
-1088.0
832.0
1664.0
2048.0
2688.0
1792.0
-640.0
-1024.0
-4672.0
-1472.0
-1280.0
-768.0
128.0
-1408.0
-2688.0
-1088.0
-256.0
-768.0
-320.0
256.0
704.0
1856.0
2880.0
3008.0
3392.0
2432.0
640.0
64.0
-1408.0
-1856.0
-2048.0
-2368.0
-3648.0
-2176.0
-2176.0
-2240.0
-2752.0
-2816.0
-896.0
2816.0
2176.0
3008.0
1536.0
1024.0
4928.0
3840.0
3712.0
2112.0
2816.0
1408.0
960.0
384.0
-1856.0
-4160.0
-2112.0
-2240.0
-2048.0
-2816.0
-2880.0
-2752.0
192.0
128.0
1024.0
640.0
1920.0
1664.0
3584.0
-64.0
2048.0
384.0
-1344.0
704.0
-1600.0
-2176.0
1280.0
-448.0
2304.0
2304.0
-1216.0
-2624.0
-832.0
640.0
0.0
3584.0
1024.0
2304.0
2112.0
1024.0
-3904.0
-2176.0
-2816.0
-1344.0
-3520.0
-2176.0
-576.0
-2496.0
-3136.0
-448.0
832.0
1472.0
704.0
1472.0
1344.0
512.0
3200.0
2816.0
2880.0
640.0
2048.0
1216.0
-1920.0
-2048.0
-640.0
3200.0
2112.0
384.0
-192.0
-384.0
704.0
0.0
-2944.0
-2816.0
-3968.0
-3072.0
-384.0
1664.0
-1024.0
-2112.0
-960.0
1216.0
-1152.0
-128.0
1408.0
2752.0
1408.0
256.0
64.0
704.0
2176.0
1216.0
2432.0
1152.0
320.0
-2368.0
-1600.0
-3648.0
-2112.0
-1728.0
-3200.0
-2048.0
64.0
1536.0
576.0
-320.0
1728.0
2624.0
3392.0
1536.0
-896.0
-832.0
-640.0
0.0
320.0
-896.0
-1024.0
-2432.0
-3456.0
-3136.0
-1280.0
0.0
1024.0
384.0
1280.0
1344.0
2560.0
3840.0
640.0
3584.0
2496.0
3392.0
2496.0
1024.0
448.0
1600.0
2112.0
0.0
-3200.0
-2176.0
-1088.0
-1024.0
-9344.0
-3456.0
-3584.0
-768.0
-256.0
768.0
-128.0
2048.0
2304.0
1984.0
2496.0
2240.0
-832.0
768.0
-768.0
1280.0
4096.0
1472.0
2496.0
576.0
-3072.0
-2432.0
-1728.0
-2176.0
-64.0
448.0
1472.0
2688.0
2368.0
-384.0
-2688.0
-192.0
3072.0
-256.0
-9472.0
-1152.0
-1856.0
-3392.0
-2432.0
-192.0
-1408.0
-192.0
1280.0
960.0
3456.0
1088.0
-704.0
2432.0
1024.0
1856.0
2432.0
-1152.0
-2944.0
-960.0
704.0
-704.0
960.0
2048.0
384.0
832.0
-1856.0
-2880.0
-2816.0
-576.0
64.0
-512.0
-576.0
256.0
2112.0
2048.0
320.0
-1344.0
768.0
704.0
-512.0
-448.0
1600.0
1472.0
2368.0
-384.0
-704.0
-1152.0
-1856.0
2048.0
192.0
-64.0
-2752.0
-4032.0
-320.0
-576.0
192.0
448.0
768.0
832.0
1536.0
832.0
704.0
128.0
1344.0
1216.0
576.0
-512.0
-1920.0
-3840.0
-4224.0
-5568.0
-1152.0
-256.0
1728.0
-640.0
2304.0
448.0
2944.0
1280.0
2112.0
3072.0
1600.0
3136.0
1920.0
1344.0
320.0
3008.0
-3328.0
-3968.0
-3712.0
-3072.0
-4224.0
-2368.0
-4032.0
-576.0
-384.0
1408.0
448.0
1088.0
3072.0
2048.0
3200.0
64.0
-1152.0
-768.0
192.0
-768.0
-448.0
192.0
-768.0
320.0
-2368.0
-2880.0
-1856.0
0.0
64.0
320.0
64.0
0.0
-1152.0
704.0
4352.0
3840.0
576.0
384.0
-4544.0
-3200.0
-5568.0
-2560.0
-3200.0
-1152.0
320.0
-384.0
64.0
704.0
4160.0
5120.0
1664.0
1792.0
2176.0
-384.0
2112.0
-960.0
-2176.0
-3456.0
-4608.0
-1856.0
896.0
-1344.0
-1408.0
-1152.0
-896.0
1088.0
1280.0
448.0
1792.0
448.0
2368.0
3904.0
-320.0
-2176.0
-1152.0
-1920.0
-2112.0
-3968.0
-4096.0
-4096.0
1984.0
64.0
-256.0
-640.0
-1792.0
-1856.0
1728.0
-896.0
-1088.0
192.0
1920.0
2752.0
-512.0
1920.0
1536.0
1792.0
1152.0
1152.0
-320.0
-1408.0
-960.0
-384.0
576.0
-576.0
-1536.0
-4416.0
-4928.0
-2560.0
-64.0
3904.0
2368.0
1728.0
3712.0
3264.0
1920.0
1344.0
3200.0
2048.0
2176.0
128.0
1600.0
-2752.0
-2368.0
-2560.0
-1920.0
-1792.0
-384.0
-3072.0
-1984.0
-3008.0
-1728.0
-2496.0
-1280.0
384.0
896.0
704.0
832.0
512.0
-1088.0
384.0
5056.0
1408.0
1216.0
3712.0
3520.0
1984.0
0.0
-2496.0
-15808.0
-2624.0
-3968.0
-1280.0
3136.0
2112.0
1600.0
640.0
3840.0
3776.0
4416.0
-320.0
-1088.0
-2560.0
-320.0
-1600.0
-320.0
192.0
576.0
-832.0
-640.0
1088.0
768.0
-640.0
-1216.0
-2112.0
-896.0
-128.0
2624.0
2752.0
-3264.0
-6144.0
-5312.0
-4928.0
-1984.0
-960.0
-896.0
-2112.0
-1152.0
704.0
1216.0
128.0
3008.0
704.0
3520.0
3264.0
1792.0
-1152.0
-1280.0
-1984.0
-1664.0
1152.0
1216.0
640.0
-1344.0
-1856.0
-1088.0
1536.0
-1664.0
-3328.0
0.0
-960.0
-3328.0
-960.0
-768.0
-768.0
3072.0
1536.0
-384.0
576.0
0.0
-704.0
-704.0
-384.0
320.0
-1408.0
-3584.0
-5312.0
-5504.0
-704.0
2240.0
1728.0
1472.0
1152.0
1024.0
4096.0
3648.0
1280.0
704.0
896.0
-256.0
1408.0
2048.0
-128.0
-2368.0
-12288.0
-1280.0
-3840.0
-2880.0
-2880.0
-1600.0
-2112.0
-256.0
576.0
2624.0
4288.0
5440.0
768.0
768.0
-192.0
2560.0
2816.0
128.0
-1088.0
1920.0
1472.0
1024.0
-1984.0
-6528.0
-2048.0
-3392.0
-3648.0
128.0
-832.0
128.0
-512.0
2176.0
1856.0
2752.0
2304.0
1024.0
-3008.0
-3072.0
-1920.0
-1664.0
-1408.0
-960.0
-2880.0
-1536.0
-768.0
2624.0
3648.0
2304.0
2688.0
256.0
2624.0
640.0
-1408.0
-2176.0
-64.0
-2560.0
-11840.0
-1536.0
-1216.0
-2432.0
-1792.0
3264.0
1664.0
1280.0
2560.0
3648.0
3200.0
3200.0
128.0
0.0
-1664.0
-1344.0
1408.0
384.0
320.0
-1344.0
-2176.0
-2560.0
-3264.0
-3072.0
-832.0
0.0
1152.0
-896.0
192.0
-448.0
2368.0
3776.0
832.0
1984.0
2176.0
320.0
192.0
-1344.0
-2112.0
-1344.0
-704.0
-2368.0
-4992.0
-4224.0
-2304.0
2880.0
2048.0
1344.0
4672.0
1856.0
1216.0
2560.0
1152.0
2432.0
512.0
-1088.0
-1920.0
-1728.0
-576.0
-4864.0
-7488.0
-4032.0
-2944.0
-4416.0
-1088.0
448.0
256.0
2688.0
3200.0
2176.0
3328.0
1920.0
-384.0
-768.0
-192.0
1344.0
384.0
-64.0
-896.0
320.0
1280.0
448.0
640.0
-3264.0
-2496.0
-3840.0
-2688.0
-1408.0
-1664.0
-448.0
512.0
2048.0
832.0
448.0
1152.0
-640.0
-1792.0
-2304.0
-2112.0
-192.0
-384.0
-1280.0
-1792.0
320.0
2048.0
3328.0
4288.0
2432.0
1920.0
640.0
256.0
-1280.0
-2944.0
-2240.0
-8768.0
-2752.0
-4672.0
-5312.0
-3328.0
-832.0
2304.0
1536.0
1984.0
2880.0
1664.0
3136.0
2176.0
704.0
-256.0
-1408.0
768.0
2688.0
64.0
-3840.0
-2496.0
-5440.0
-1664.0
-2432.0
-2176.0
-960.0
1984.0
1536.0
-832.0
-576.0
64.0
2368.0
3584.0
1088.0
768.0
1856.0
-2432.0
-2432.0
-1536.0
-2880.0
-2560.0
-3136.0
-4608.0
-4224.0
704.0
3520.0
2368.0
1920.0
1728.0
3776.0
2496.0
1344.0
2624.0
512.0
320.0
-896.0
-640.0
-2752.0
-2304.0
-3264.0
-2880.0
-2496.0
-3136.0
-1344.0
-832.0
-832.0
704.0
1152.0
1856.0
3968.0
2688.0
1792.0
1216.0
1088.0
2880.0
-512.0
-2176.0
-1920.0
-1472.0
0.0
1088.0
-448.0
-832.0
-2048.0
-768.0
-2880.0
-2112.0
448.0
2112.0
1920.0
0.0
-768.0
-2752.0
-3264.0
-4672.0
-3904.0
-2240.0
-2304.0
-1664.0
-1856.0
-448.0
-640.0
-576.0
64.0
-640.0
-768.0
1664.0
2560.0
2048.0
1408.0
2176.0
896.0
-640.0
-512.0
-2240.0
-448.0
-1088.0
-1088.0
-2368.0
-4032.0
-1856.0
-1984.0
832.0
1920.0
512.0
1920.0
1152.0
3392.0
1856.0
1984.0
3840.0
2752.0
2624.0
3264.0
3264.0
3136.0
4160.0
-1344.0
-2816.0
-5696.0
-5568.0
-256.0
1024.0
-1344.0
-2240.0
-640.0
-1088.0
-256.0
832.0
-1088.0
-5184.0
-5888.0
-2496.0
-2688.0
-2816.0
768.0
-256.0
256.0
-64.0
1024.0
384.0
1536.0
-3200.0
-8960.0
-3968.0
512.0
-2496.0
1920.0
1600.0
1344.0
3328.0
3392.0
3904.0
3264.0
1856.0
2944.0
3520.0
3264.0
3904.0
2624.0
1920.0
-448.0
-15680.0
-1152.0
3136.0
2496.0
-10752.0
-1280.0
-1984.0
-832.0
192.0
-1536.0
-1088.0
640.0
832.0
1152.0
1088.0
1344.0
-1728.0
-6848.0
-4032.0
2560.0
704.0
-4032.0
-1920.0
1536.0
896.0
2880.0
704.0
-128.0
2496.0
1920.0
3584.0
3008.0
0.0
-192.0
0.0
-2304.0
-1664.0
-1920.0
512.0
3392.0
2880.0
-704.0
-4224.0
-2752.0
-768.0
-960.0
-192.0
64.0
-640.0
64.0
0.0
128.0
448.0
576.0
64.0
-896.0
-192.0
-3072.0
-1152.0
1664.0
2560.0
512.0
2112.0
4224.0
3520.0
5248.0
3264.0
11072.0
8320.0
17408.0
5184.0
-2304.0
-8448.0
-3008.0
-192.0
-2432.0
-3648.0
-2816.0
-1408.0
-2624.0
-1536.0
-4096.0
-4096.0
-3584.0
-4928.0
-6016.0
-5760.0
-6272.0
-5568.0
-4736.0
-3328.0
-1984.0
-1920.0
-1408.0
-576.0
256.0
1344.0
1664.0
1344.0
2240.0
1472.0
1280.0
384.0
1216.0
1152.0
832.0
512.0
-1088.0
-1792.0
-1600.0
-2176.0
-1024.0
-1280.0
-1344.0
-576.0
-1344.0
-1408.0
-384.0
-64.0
256.0
1216.0
960.0
192.0
640.0
640.0
2688.0
3584.0
1408.0
3456.0
-2944.0
-6656.0
-3328.0
-1280.0
3200.0
2944.0
2048.0
896.0
-2368.0
320.0
-320.0
320.0
1088.0
704.0
64.0
1216.0
3520.0
3968.0
4352.0
3392.0
4352.0
4672.0
4416.0
4544.0
4672.0
4096.0
3392.0
3136.0
-512.0
-128.0
256.0
-1344.0
-1600.0
-2048.0
-3456.0
-2560.0
-2304.0
-3264.0
-4032.0
-5760.0
-5376.0
-5888.0
-4864.0
-8128.0
-14208.0
-10816.0
-14912.0
-8320.0
-6592.0
-4544.0
-2624.0
-2624.0
-3392.0
-1472.0
-2176.0
-1792.0
-1472.0
-3136.0
-1664.0
-128.0
-576.0
0.0
-832.0
1280.0
448.0
832.0
-192.0
1984.0
1600.0
1664.0
1472.0
768.0
2688.0
1344.0
128.0
3328.0
1536.0
960.0
3136.0
1792.0
1152.0
1728.0
-320.0
-832.0
704.0
-768.0
320.0
1344.0
-1088.0
-1408.0
576.0
1344.0
320.0
576.0
768.0
1536.0
2304.0
320.0
-64.0
768.0
704.0
2112.0
1792.0
768.0
-448.0
448.0
640.0
-576.0
-1728.0
-2112.0
-2880.0
-832.0
768.0
-2240.0
-3200.0
-384.0
-576.0
256.0
-1216.0
-1792.0
-2560.0
-640.0
-1216.0
320.0
640.0
-1216.0
-832.0
-2176.0
-256.0
1408.0
-1856.0
-128.0
-512.0
-2752.0
320.0
256.0
-2048.0
-1408.0
-960.0
-128.0
-896.0
128.0
-896.0
-1792.0
-832.0
384.0
192.0
576.0
512.0
-192.0
256.0
256.0
192.0
-320.0
-960.0
-960.0
-960.0
768.0
384.0
-832.0
-1920.0
128.0
960.0
960.0
384.0
-1856.0
-1344.0
320.0
-704.0
1600.0
64.0
-1536.0
-1920.0
320.0
512.0
0.0
-1536.0
-1408.0
64.0
-384.0
-1344.0
-1344.0
-1088.0
-832.0
128.0
-576.0
-1472.0
-1024.0
576.0
576.0
128.0
-832.0
-2560.0
-1088.0
704.0
1088.0
320.0
-1024.0
-1152.0
1856.0
768.0
-1536.0
-1152.0
-640.0
-448.0
512.0
128.0
0.0
-512.0
-896.0
128.0
448.0
-576.0
-640.0
-768.0
-320.0
64.0
1024.0
-128.0
-2176.0
-768.0
832.0
640.0
192.0
-1280.0
-1536.0
-704.0
576.0
-256.0
-1024.0
-1536.0
-768.0
-448.0
128.0
-1088.0
-1536.0
-1728.0
576.0
-448.0
-1344.0
-1216.0
-576.0
128.0
-1024.0
-2624.0
-896.0
-256.0
-768.0
-448.0
-576.0
-1088.0
64.0
1216.0
-128.0
-2624.0
512.0
256.0
-896.0
576.0
-2560.0
-704.0
1280.0
704.0
-192.0
-1472.0
-960.0
0.0
320.0
-128.0
-1088.0
-832.0
-256.0
512.0
768.0
-832.0
-704.0
448.0
576.0
960.0
768.0
-256.0
256.0
1536.0
832.0
512.0
320.0
-576.0
0.0
1152.0
640.0
-512.0
-1088.0
-256.0
64.0
-128.0
-128.0
