-512.0
-448.0
-512.0
-448.0
-256.0
64.0
128.0
640.0
896.0
1856.0
2496.0
3200.0
3648.0
3776.0
4032.0
4096.0
3136.0
2112.0
960.0
256.0
-320.0
-960.0
-1280.0
-1920.0
-2112.0
-2112.0
-2368.0
-2176.0
-1024.0
-448.0
-128.0
832.0
1472.0
1984.0
2496.0
2688.0
3392.0
3328.0
3392.0
2880.0
896.0
576.0
256.0
0.0
-576.0
-512.0
-640.0
-320.0
-64.0
192.0
256.0
192.0
448.0
768.0
832.0
192.0
-192.0
-512.0
-1152.0
-768.0
-192.0
64.0
256.0
384.0
1344.0
1728.0
2240.0
2816.0
2816.0
2368.0
1920.0
1344.0
384.0
192.0
64.0
-192.0
-896.0
-1024.0
-960.0
-512.0
-128.0
448.0
1344.0
1088.0
576.0
512.0
384.0
832.0
192.0
-896.0
-704.0
-576.0
-192.0
-832.0
-192.0
320.0
896.0
2112.0
1792.0
1856.0
1984.0
1664.0
960.0
832.0
0.0
-640.0
-448.0
-704.0
-1088.0
-512.0
-896.0
-640.0
-64.0
1024.0
1024.0
1216.0
1536.0
1408.0
1216.0
1344.0
1024.0
1024.0
576.0
256.0
768.0
384.0
1024.0
1216.0
1664.0
1920.0
2560.0
2688.0
2176.0
2304.0
1216.0
896.0
1024.0
896.0
512.0
-192.0
-1024.0
-256.0
-320.0
-64.0
64.0
-640.0
1024.0
1088.0
384.0
832.0
1600.0
1280.0
896.0
128.0
128.0
960.0
192.0
640.0
576.0
-128.0
-384.0
512.0
256.0
128.0
576.0
1152.0
1408.0
1536.0
1344.0
1600.0
704.0
1024.0
1536.0
896.0
704.0
384.0
768.0
896.0
1088.0
640.0
640.0
0.0
832.0
1280.0
1088.0
576.0
2048.0
1536.0
1920.0
2048.0
2304.0
3008.0
3072.0
2432.0
1152.0
768.0
768.0
0.0
-960.0
-1600.0
-1216.0
-1280.0
-1856.0
-1664.0
-896.0
-576.0
1024.0
512.0
1280.0
1728.0
2560.0
1536.0
1728.0
2304.0
1152.0
1280.0
256.0
0.0
-768.0
-192.0
-2560.0
-768.0
-192.0
-64.0
128.0
576.0
1024.0
512.0
1216.0
1664.0
1152.0
1280.0
576.0
-704.0
64.0
-1344.0
-1344.0
-576.0
-448.0
-256.0
-1152.0
896.0
1152.0
1472.0
2816.0
2816.0
2240.0
1664.0
2112.0
1408.0
640.0
640.0
-384.0
-64.0
-1344.0
-704.0
0.0
-256.0
384.0
448.0
320.0
-128.0
64.0
960.0
448.0
-320.0
832.0
1280.0
704.0
-1600.0
-256.0
1088.0
2496.0
1472.0
640.0
1408.0
2560.0
1856.0
1536.0
384.0
-960.0
-1920.0
-320.0
512.0
192.0
-256.0
896.0
576.0
1600.0
704.0
384.0
2368.0
1856.0
896.0
128.0
-448.0
-832.0
896.0
576.0
256.0
1216.0
1984.0
1472.0
1984.0
2304.0
2624.0
1280.0
512.0
256.0
-832.0
-576.0
-1088.0
-1280.0
-960.0
-512.0
64.0
-448.0
-1344.0
-1152.0
-1280.0
-1408.0
-1216.0
-320.0
-1280.0
0.0
448.0
640.0
1920.0
2240.0
1792.0
1088.0
1024.0
2112.0
1536.0
960.0
-320.0
-1088.0
-192.0
704.0
1216.0
-576.0
832.0
448.0
960.0
1344.0
1152.0
512.0
704.0
1536.0
1856.0
1664.0
768.0
320.0
2624.0
2176.0
1984.0
896.0
576.0
1472.0
1344.0
1792.0
512.0
64.0
192.0
-448.0
-1344.0
-2496.0
-2624.0
-2816.0
-2624.0
-1984.0
-2688.0
-1856.0
-320.0
1280.0
2560.0
2432.0
1536.0
1152.0
1536.0
1664.0
2048.0
896.0
1152.0
0.0
960.0
1600.0
1408.0
1920.0
1536.0
2176.0
2816.0
-192.0
-832.0
-960.0
1344.0
256.0
64.0
-2048.0
-2112.0
-512.0
-1152.0
-1472.0
-2944.0
128.0
768.0
3136.0
2624.0
1728.0
1856.0
1728.0
3456.0
2112.0
3392.0
1024.0
256.0
1216.0
256.0
256.0
832.0
896.0
384.0
2112.0
576.0
1856.0
896.0
1856.0
832.0
-192.0
-576.0
256.0
-1664.0
-3712.0
-4864.0
-3264.0
-1856.0
-1984.0
-576.0
-1024.0
-512.0
1280.0
2944.0
4544.0
5120.0
4480.0
4224.0
-256.0
-2880.0
-1792.0
-3264.0
-3264.0
-5440.0
-2688.0
-5760.0
-2624.0
2240.0
-2816.0
2688.0
6720.0
4288.0
9408.0
7744.0
8448.0
5824.0
5120.0
-640.0
-1536.0
-3072.0
-3136.0
-1088.0
-2112.0
-1152.0
0.0
512.0
1408.0
2304.0
2112.0
1920.0
2176.0
-576.0
384.0
64.0
-2112.0
-3264.0
-3520.0
-2752.0
-768.0
-1536.0
-2176.0
128.0
832.0
64.0
832.0
896.0
2240.0
1664.0
1472.0
2048.0
1408.0
640.0
1088.0
-1088.0
-2048.0
-1600.0
-1408.0
-320.0
256.0
-1088.0
320.0
384.0
256.0
-448.0
-896.0
1088.0
1472.0
-64.0
960.0
1088.0
2432.0
2944.0
2176.0
3712.0
4608.0
4480.0
3072.0
2048.0
384.0
-896.0
-896.0
-1472.0
-64.0
-704.0
-1728.0
-1728.0
-512.0
-1792.0
-1024.0
-1920.0
-3712.0
-2816.0
-1792.0
-1920.0
-2496.0
-1664.0
-896.0
576.0
1024.0
-192.0
-384.0
192.0
-1088.0
-64.0
640.0
832.0
896.0
1472.0
2624.0
3136.0
2368.0
2240.0
1152.0
2112.0
1984.0
3200.0
1280.0
2304.0
2816.0
4544.0
3520.0
1536.0
1024.0
-1792.0
-2112.0
-384.0
-5632.0
-5696.0
-4032.0
-3648.0
-1920.0
-2496.0
-1856.0
-384.0
1216.0
1856.0
1344.0
1728.0
3712.0
3200.0
1856.0
768.0
832.0
-704.0
-896.0
-1728.0
-3392.0
-2240.0
-5056.0
-5888.0
-1088.0
1344.0
384.0
1984.0
4416.0
3904.0
3776.0
3968.0
3840.0
2816.0
1664.0
896.0
-384.0
960.0
2176.0
2752.0
5888.0
6784.0
2496.0
2496.0
1728.0
-128.0
-1600.0
-2816.0
-6016.0
-3392.0
-3584.0
-3008.0
-2112.0
-2112.0
0.0
2816.0
2944.0
3072.0
2560.0
1728.0
1664.0
-512.0
-3776.0
-4928.0
-4288.0
-5184.0
-7552.0
-3264.0
-3200.0
-2112.0
-2432.0
-256.0
3200.0
8000.0
4864.0
3520.0
2432.0
512.0
448.0
1344.0
832.0
704.0
384.0
1216.0
512.0
1792.0
1152.0
1600.0
-768.0
384.0
-256.0
-320.0
-256.0
-704.0
-576.0
-448.0
-960.0
-1728.0
-1664.0
0.0
256.0
-512.0
-1152.0
-192.0
-192.0
-1856.0
-704.0
-1728.0
64.0
-2688.0
-2432.0
-1536.0
-6208.0
-2816.0
-1216.0
-896.0
320.0
3264.0
4160.0
4736.0
5568.0
6080.0
6464.0
5696.0
4416.0
1920.0
1536.0
-64.0
-128.0
-1216.0
-3200.0
-2496.0
-4864.0
-4672.0
-3264.0
-3520.0
-2304.0
-3136.0
-3456.0
-1792.0
-192.0
128.0
-64.0
-128.0
1600.0
2432.0
2368.0
1856.0
320.0
-320.0
192.0
-1344.0
0.0
-768.0
-1600.0
-1664.0
-512.0
3968.0
2880.0
2816.0
1600.0
1216.0
192.0
1536.0
0.0
-1472.0
-1344.0
-1408.0
-2688.0
-960.0
-896.0
768.0
1152.0
1280.0
1280.0
2752.0
1024.0
-1728.0
-1088.0
-64.0
-1344.0
-2752.0
-5248.0
-5184.0
-4096.0
-3520.0
-2368.0
-192.0
-1216.0
-320.0
960.0
1088.0
192.0
128.0
576.0
704.0
896.0
1728.0
448.0
4352.0
10304.0
2624.0
1728.0
640.0
1984.0
-1664.0
-1280.0
-704.0
-2496.0
-1536.0
-960.0
2048.0
3776.0
2176.0
2368.0
1280.0
320.0
-2112.0
-5952.0
-3648.0
-2944.0
-3008.0
-3456.0
-1984.0
-3904.0
-3264.0
-3712.0
2304.0
1408.0
3392.0
3392.0
3648.0
1792.0
2304.0
-1856.0
-2496.0
-576.0
-1408.0
-128.0
-960.0
-64.0
-704.0
8768.0
2112.0
-1920.0
256.0
-128.0
-2112.0
-2176.0
-1536.0
-1088.0
-1344.0
-640.0
-128.0
-1472.0
-1536.0
-128.0
-3008.0
-960.0
-2816.0
-1408.0
-4736.0
-2688.0
-2688.0
-1728.0
-2112.0
-512.0
768.0
896.0
2624.0
3264.0
4480.0
4928.0
4224.0
5440.0
4672.0
3392.0
2752.0
2304.0
64.0
-1344.0
-2624.0
-3904.0
-3072.0
-4352.0
-5120.0
-3456.0
-5248.0
-2560.0
-2048.0
-1088.0
1088.0
1664.0
3200.0
2880.0
1856.0
192.0
320.0
-192.0
-512.0
-1600.0
-2176.0
-2944.0
-2048.0
-512.0
-896.0
-1920.0
2432.0
1664.0
2752.0
1728.0
2816.0
1664.0
2304.0
3328.0
2432.0
4224.0
3456.0
512.0
1792.0
-1856.0
-2496.0
-1536.0
-2816.0
-3776.0
-9344.0
-4160.0
-6016.0
-3200.0
-3072.0
320.0
960.0
2432.0
1920.0
2304.0
384.0
1280.0
-832.0
-1088.0
-2240.0
-832.0
-1472.0
11648.0
320.0
1728.0
-384.0
-384.0
-1216.0
1728.0
-192.0
1280.0
2880.0
4672.0
4736.0
5120.0
2432.0
-704.0
-2112.0
-2688.0
-5824.0
-5632.0
-7552.0
-768.0
-7552.0
-8192.0
-5312.0
-3776.0
2304.0
3648.0
704.0
5248.0
3840.0
2944.0
2432.0
512.0
1088.0
1024.0
1344.0
896.0
1792.0
7296.0
64.0
3392.0
320.0
2752.0
576.0
192.0
1152.0
-960.0
-1728.0
-1664.0
-1728.0
-3392.0
-3840.0
-1472.0
-2304.0
-3456.0
-3776.0
-3968.0
-2688.0
-2880.0
-1472.0
-2048.0
-1280.0
-576.0
1152.0
1728.0
1856.0
128.0
2048.0
2944.0
3136.0
3072.0
3392.0
6400.0
704.0
3456.0
1344.0
-1152.0
-1728.0
-2112.0
-1664.0
-384.0
-960.0
-896.0
-1536.0
-2240.0
-1664.0
640.0
1088.0
1088.0
1600.0
1280.0
-448.0
320.0
-1152.0
-1664.0
-896.0
-64.0
-1792.0
-1984.0
-5696.0
-1536.0
-128.0
-1216.0
192.0
-384.0
3712.0
2368.0
3776.0
6400.0
5952.0
5248.0
3968.0
448.0
-1600.0
-1536.0
-3328.0
-4608.0
-7360.0
-9728.0
-6016.0
-5376.0
-3584.0
-3072.0
-576.0
-1088.0
-256.0
2752.0
704.0
768.0
-512.0
-1408.0
1408.0
-2240.0
-1024.0
5824.0
704.0
128.0
-2240.0
-2368.0
2176.0
0.0
14720.0
1344.0
5120.0
5888.0
3776.0
-128.0
-3008.0
1728.0
-1536.0
-1472.0
-3904.0
-1088.0
-2944.0
-4480.0
-2368.0
-2112.0
-192.0
1280.0
-640.0
3136.0
1536.0
-1664.0
-1600.0
-1728.0
192.0
-512.0
64.0
6592.0
2432.0
-64.0
-640.0
-64.0
960.0
1664.0
2432.0
2688.0
4288.0
1664.0
-3008.0
-3584.0
-1536.0
-3456.0
-3456.0
-4096.0
-2240.0
-3648.0
-4288.0
-2752.0
-1152.0
-1600.0
-1664.0
-1344.0
1152.0
1856.0
2368.0
2240.0
1408.0
192.0
1088.0
1984.0
10368.0
3264.0
3264.0
-256.0
-1984.0
512.0
2112.0
-576.0
-832.0
-1664.0
0.0
0.0
-704.0
-1472.0
-1344.0
640.0
320.0
-448.0
0.0
-1024.0
-896.0
-1472.0
-1280.0
-384.0
-1152.0
-832.0
-64.0
-3456.0
-2048.0
-1856.0
-128.0
2048.0
896.0
3520.0
3648.0
3008.0
6464.0
3392.0
2624.0
1024.0
-64.0
-1856.0
-3968.0
-3136.0
-3264.0
-3712.0
-1920.0
-1216.0
-896.0
832.0
-640.0
-704.0
-1664.0
-2496.0
-3456.0
-896.0
-1088.0
-2048.0
-896.0
-1472.0
-1792.0
-1856.0
-2368.0
-1536.0
2432.0
2432.0
5312.0
4736.0
6016.0
6336.0
6144.0
5312.0
3008.0
1280.0
-2368.0
-3392.0
-4480.0
-5952.0
-7360.0
-7360.0
-5184.0
-768.0
-512.0
64.0
2880.0
3968.0
4928.0
3264.0
1280.0
320.0
-384.0
-576.0
-2048.0
4608.0
-4544.0
-3392.0
-576.0
6208.0
640.0
2368.0
3328.0
3328.0
960.0
0.0
-320.0
-1792.0
-1536.0
-3584.0
-3904.0
-5312.0
-6592.0
-5120.0
-3840.0
-3712.0
-1216.0
-960.0
1536.0
2432.0
5056.0
1024.0
-640.0
-576.0
-1664.0
64.0
704.0
3136.0
1728.0
3008.0
3264.0
1920.0
1920.0
1024.0
576.0
0.0
576.0
512.0
-3072.0
-2048.0
-640.0
256.0
-576.0
-960.0
-2432.0
-960.0
-960.0
-192.0
256.0
-448.0
0.0
384.0
-64.0
-1664.0
-2112.0
-960.0
-704.0
-576.0
-1152.0
-128.0
2176.0
3008.0
1600.0
2304.0
1536.0
768.0
2112.0
832.0
1472.0
-960.0
256.0
-1984.0
-3840.0
-2496.0
-2368.0
-2496.0
-1984.0
-2432.0
-512.0
-64.0
1024.0
1024.0
448.0
-1024.0
-256.0
-3392.0
-2752.0
-4544.0
-960.0
10752.0
5248.0
-1024.0
1408.0
2816.0
6720.0
7808.0
3840.0
5120.0
3520.0
-2816.0
-3008.0
-4800.0
-5760.0
-4992.0
-3648.0
-1152.0
-6400.0
-5184.0
-2624.0
512.0
384.0
1024.0
-704.0
-1408.0
-3392.0
640.0
-1216.0
-448.0
2496.0
-4864.0
-4672.0
2880.0
8512.0
-1280.0
512.0
2816.0
3008.0
2944.0
-128.0
1408.0
-64.0
-1024.0
-2432.0
-4864.0
-5888.0
-3968.0
-3904.0
-3712.0
-1856.0
-64.0
3200.0
3456.0
3136.0
3136.0
3584.0
3520.0
6400.0
-512.0
-1472.0
-640.0
0.0
-704.0
1088.0
1472.0
2112.0
2368.0
896.0
1024.0
2112.0
1600.0
2368.0
1216.0
-192.0
-2112.0
-2944.0
-2176.0
-1664.0
-1984.0
-1344.0
-2624.0
-3392.0
-4672.0
-2048.0
-1984.0
-2368.0
-2112.0
-256.0
192.0
2752.0
3264.0
3712.0
3392.0
-1280.0
-960.0
1088.0
-192.0
-1920.0
-2560.0
-576.0
-2176.0
1280.0
1152.0
2688.0
7296.0
2624.0
1344.0
-384.0
-384.0
-2304.0
-4160.0
-640.0
-2624.0
-1216.0
-2176.0
-3328.0
-4352.0
-4032.0
-3584.0
11392.0
960.0
3200.0
2432.0
4800.0
5888.0
4608.0
3776.0
3072.0
-384.0
-2560.0
-2752.0
-4800.0
-5376.0
-4672.0
-4160.0
-3456.0
-1472.0
704.0
2048.0
2560.0
384.0
-256.0
64.0
-2560.0
-4672.0
-5760.0
-3776.0
-3648.0
-2048.0
-2176.0
3904.0
6400.0
8128.0
512.0
5696.0
-512.0
-1024.0
-1408.0
-1920.0
576.0
448.0
-2496.0
-2880.0
-1600.0
-1984.0
-1600.0
-896.0
-1152.0
512.0
192.0
1600.0
-448.0
1280.0
0.0
448.0
-1024.0
-3328.0
-4800.0
-3648.0
-128.0
-1216.0
-320.0
128.0
1792.0
1152.0
3456.0
3840.0
3648.0
5184.0
4416.0
1280.0
-704.0
-1024.0
-704.0
-2944.0
-1920.0
-3584.0
-2624.0
-4480.0
-5888.0
-4544.0
-2048.0
-1600.0
-1024.0
-832.0
832.0
2112.0
1344.0
-448.0
3456.0
5760.0
4992.0
-1280.0
-1856.0
-1984.0
-1664.0
-512.0
1152.0
2496.0
2944.0
2944.0
2688.0
-768.0
-192.0
-1792.0
-3456.0
-1856.0
-3584.0
-640.0
-3584.0
-5504.0
-4736.0
-4800.0
-3712.0
-896.0
-1856.0
1984.0
-64.0
4608.0
7104.0
6976.0
2560.0
4544.0
3968.0
-640.0
-64.0
-2304.0
-4224.0
-3264.0
-3072.0
-2176.0
-1664.0
-1728.0
448.0
1728.0
576.0
-192.0
-1088.0
-1856.0
-2496.0
-4160.0
-4352.0
-3200.0
-2880.0
-768.0
9152.0
4352.0
2240.0
2112.0
9536.0
896.0
896.0
1600.0
1536.0
1792.0
-1024.0
-3072.0
-1216.0
-960.0
-2880.0
-1664.0
-2752.0
-1792.0
-1984.0
-640.0
-704.0
1984.0
-768.0
-2368.0
-1600.0
-1344.0
-1024.0
-1216.0
-2944.0
-1920.0
-1024.0
-2624.0
-2112.0
-448.0
832.0
1664.0
1728.0
3264.0
3712.0
2176.0
448.0
-1600.0
-1664.0
-1728.0
-1280.0
-2176.0
-2624.0
-2240.0
-4416.0
-4672.0
-1728.0
-1408.0
640.0
-128.0
-640.0
-320.0
1600.0
384.0
10624.0
-1664.0
320.0
-256.0
1984.0
-832.0
3200.0
2432.0
4928.0
5504.0
2624.0
192.0
-3584.0
-5568.0
-6208.0
-8832.0
-8960.0
-10496.0
-10816.0
-11584.0
-10752.0
-12032.0
-14016.0
-13696.0
-11328.0
-12096.0
-10496.0
-9152.0
-11072.0
-7104.0
-7680.0
-7168.0
-7680.0
-6720.0
-10240.0
-8576.0
-5376.0
-5056.0
-6080.0
-4096.0
-3072.0
-1216.0
256.0
1920.0
3776.0
5952.0
8064.0
11776.0
11456.0
7104.0
5184.0
3136.0
1664.0
1664.0
1792.0
1472.0
4096.0
7168.0
15168.0
13952.0
6784.0
8448.0
6080.0
12864.0
6976.0
3712.0
1984.0
3328.0
2048.0
3520.0
3200.0
3712.0
4864.0
3136.0
2432.0
2432.0
0.0
-3648.0
-6080.0
-4992.0
-4288.0
-4224.0
-11904.0
-7808.0
-11648.0
-11840.0
-15872.0
-18176.0
-24512.0
-22080.0
-22784.0
-20224.0
-17280.0
-12032.0
-12288.0
-10112.0
-6784.0
-5952.0
-3840.0
1728.0
7296.0
10816.0
17088.0
19136.0
19584.0
20608.0
12352.0
7680.0
5184.0
3008.0
448.0
1024.0
-384.0
1152.0
2432.0
4096.0
4608.0
6016.0
7872.0
7360.0
7104.0
8192.0
7936.0
7168.0
9472.0
7104.0
11456.0
12800.0
14528.0
10112.0
6656.0
7424.0
5824.0
5248.0
5888.0
6976.0
4928.0
4480.0
5248.0
3776.0
3648.0
2368.0
2624.0
1344.0
3904.0
4160.0
3264.0
5760.0
3776.0
3456.0
960.0
-1920.0
-3904.0
-3584.0
-5568.0
-6400.0
-8960.0
-8128.0
-10560.0
-12800.0
-15168.0
-6080.0
-9472.0
-9792.0
-16704.0
-13376.0
-9856.0
-7104.0
-3136.0
-896.0
1664.0
4288.0
7680.0
9728.0
11136.0
11200.0
9408.0
7168.0
6016.0
3520.0
2752.0
1472.0
768.0
640.0
1152.0
1920.0
2368.0
2048.0
2048.0
-576.0
-3136.0
-512.0
-5760.0
-7808.0
-8384.0
-6656.0
-6592.0
-9856.0
-6976.0
-4864.0
-4288.0
-5376.0
-6016.0
-11968.0
-12736.0
-13120.0
-14976.0
-16256.0
-12416.0
-12096.0
-12800.0
-15360.0
-14144.0
-11776.0
-8960.0
-6976.0
-1920.0
704.0
5248.0
6528.0
10816.0
13248.0
10944.0
8256.0
4160.0
1984.0
128.0
-448.0
-3648.0
-4736.0
-5248.0
-4672.0
-3264.0
-1984.0
64.0
1408.0
1536.0
2112.0
1920.0
1856.0
1024.0
896.0
-320.0
-64.0
384.0
-2176.0
-1344.0
-1600.0
-704.0
-576.0
-832.0
384.0
-1216.0
16000.0
1600.0
4928.0
2176.0
-6848.0
-10304.0
-10240.0
-8640.0
384.0
-4352.0
-3264.0
-3264.0
-2176.0
-1920.0
-1536.0
-448.0
-640.0
-192.0
-512.0
-832.0
-1152.0
-1216.0
-1664.0
-1280.0
-1216.0
-2112.0
-2112.0
-1472.0
-1664.0
-1408.0
-2112.0
-1024.0
-1856.0
-1088.0
-1472.0
-1600.0
-2240.0
-1536.0
-1152.0
-1024.0
-3008.0
-960.0
-2240.0
-1984.0
-3200.0
-3392.0
-4544.0
-3136.0
-1280.0
-1280.0
320.0
-896.0
-1792.0
-2048.0
1408.0
1024.0
-960.0
-3456.0
-2944.0
-1344.0
192.0
-768.0
-1984.0
-2624.0
-2816.0
-1408.0
-960.0
-1344.0
-320.0
-320.0
-320.0
1344.0
1024.0
960.0
1408.0
1856.0
1920.0
2304.0
1280.0
704.0
384.0
-256.0
320.0
-512.0
-1344.0
-1152.0
-320.0
-1344.0
-320.0
0.0
-1216.0
-1152.0
-1600.0
-448.0
-960.0
-256.0
-1088.0
768.0
704.0
1280.0
512.0
384.0
704.0
960.0
1344.0
1216.0
-64.0
-384.0
192.0
576.0
384.0
1152.0
512.0
384.0
576.0
512.0
1600.0
1088.0
-1088.0
384.0
448.0
1856.0
2752.0
1536.0
576.0
320.0
512.0
896.0
1088.0
448.0
1344.0
-2432.0
576.0
-1024.0
-1408.0
-1536.0
-768.0
-1152.0
-1856.0
-1024.0
-64.0
-512.0
-384.0
-1152.0
-1152.0
576.0
-768.0
-192.0
320.0
384.0
896.0
1344.0
960.0
960.0
-1664.0
-64.0
192.0
-64.0
-768.0
-448.0
1216.0
1216.0
1536.0
768.0
-320.0
960.0
1600.0
1856.0
448.0
448.0
768.0
-128.0
64.0
448.0
-128.0
64.0
0.0
384.0
64.0
-1408.0
64.0
-1472.0
-960.0
1280.0
-256.0
-1024.0
512.0
-768.0
704.0
192.0
-64.0
-128.0
-64.0
1088.0
1792.0
1024.0
832.0
256.0
2304.0
-64.0
512.0
-1088.0
-704.0
896.0
832.0
1472.0
512.0
704.0
-128.0
1088.0
1024.0
-384.0
-1664.0
-1792.0
-1152.0
-1856.0
-1344.0
-2304.0
-1728.0
-960.0
-704.0
192.0
-576.0
-384.0
-576.0
576.0
512.0
-384.0
-768.0
-896.0
-128.0
384.0
-320.0
-128.0
576.0
320.0
256.0
768.0
1472.0
256.0
704.0
1536.0
2048.0
384.0
1472.0
320.0
1344.0
1216.0
64.0
1088.0
2304.0
2240.0
1024.0
896.0
960.0
1728.0
2304.0
896.0
-128.0
-1280.0
-512.0
-320.0
896.0
-640.0
320.0
-640.0
832.0
640.0
-256.0
-768.0
-2304.0
448.0
-768.0
-1344.0
-576.0
320.0
64.0
128.0
-1024.0
64.0
256.0
-192.0
512.0
-512.0
576.0
384.0
1024.0
0.0
-128.0
64.0
-576.0
-1024.0
-768.0
128.0
960.0
-1024.0
