-640.0
-512.0
-576.0
-576.0
-448.0
-640.0
-896.0
-320.0
-384.0
-640.0
-640.0
-512.0
-768.0
-576.0
-704.0
-576.0
-384.0
-832.0
-896.0
-256.0
2624.0
6592.0
11328.0
9344.0
4992.0
4544.0
6080.0
1984.0
2240.0
1536.0
4096.0
2688.0
1984.0
1728.0
1600.0
2304.0
832.0
384.0
448.0
448.0
0.0
0.0
0.0
-384.0
-576.0
-320.0
192.0
384.0
640.0
3392.0
1088.0
384.0
512.0
1088.0
4736.0
2752.0
832.0
704.0
1664.0
2048.0
384.0
256.0
-128.0
256.0
576.0
2176.0
2944.0
1664.0
960.0
2432.0
3072.0
384.0
64.0
-320.0
-320.0
-128.0
-256.0
-512.0
64.0
1280.0
2560.0
1664.0
1792.0
3904.0
1856.0
384.0
448.0
-128.0
-768.0
-576.0
-320.0
128.0
576.0
2880.0
3520.0
2368.0
3904.0
2496.0
128.0
320.0
192.0
0.0
-448.0
-704.0
-1152.0
64.0
1472.0
3328.0
1728.0
1856.0
512.0
320.0
128.0
-1024.0
-2112.0
-896.0
320.0
-320.0
640.0
2240.0
3264.0
1152.0
2880.0
2560.0
256.0
-384.0
-448.0
0.0
512.0
1024.0
128.0
0.0
256.0
128.0
-128.0
-576.0
-896.0
-576.0
-64.0
384.0
832.0
576.0
2112.0
2944.0
2240.0
2304.0
-192.0
-832.0
-448.0
192.0
1088.0
2368.0
3648.0
1024.0
1024.0
704.0
256.0
-384.0
-192.0
-640.0
-1088.0
-128.0
-128.0
1664.0
256.0
64.0
448.0
1280.0
1984.0
1792.0
512.0
1856.0
1152.0
0.0
-896.0
320.0
576.0
768.0
-128.0
-2112.0
-704.0
-384.0
-1536.0
2432.0
2816.0
960.0
1664.0
2752.0
960.0
448.0
384.0
384.0
448.0
1600.0
1280.0
-448.0
64.0
-1344.0
-704.0
832.0
3136.0
2752.0
1536.0
2688.0
704.0
1792.0
64.0
704.0
896.0
832.0
448.0
320.0
-832.0
-1536.0
-1088.0
128.0
2176.0
2688.0
1216.0
1536.0
2432.0
2624.0
2688.0
1920.0
1408.0
-512.0
-384.0
-576.0
-1024.0
-1984.0
-1984.0
-1856.0
-1280.0
-1472.0
-1664.0
-192.0
832.0
960.0
960.0
192.0
256.0
640.0
832.0
2432.0
1664.0
-256.0
-1984.0
-1664.0
640.0
576.0
832.0
1024.0
128.0
-512.0
1536.0
2880.0
2368.0
384.0
192.0
192.0
-64.0
640.0
1152.0
2944.0
896.0
512.0
-448.0
1856.0
1408.0
1280.0
-128.0
1024.0
2688.0
5568.0
5888.0
3648.0
2560.0
1088.0
1664.0
704.0
-896.0
-1152.0
-3136.0
-2560.0
-3072.0
-2304.0
-2752.0
-2304.0
-1408.0
-192.0
256.0
1920.0
3776.0
2176.0
1920.0
1984.0
832.0
-128.0
-64.0
576.0
-128.0
832.0
-1088.0
-256.0
-1024.0
512.0
768.0
640.0
512.0
-1216.0
320.0
832.0
1280.0
1344.0
1408.0
2368.0
704.0
-512.0
-448.0
192.0
448.0
1024.0
0.0
-704.0
192.0
1472.0
832.0
832.0
-640.0
-256.0
-576.0
-320.0
192.0
896.0
1984.0
1408.0
2176.0
1600.0
1472.0
128.0
2816.0
2496.0
2048.0
1984.0
2176.0
2816.0
1216.0
128.0
-1152.0
-1088.0
-704.0
-1152.0
-192.0
448.0
-960.0
-2560.0
-3904.0
-2688.0
-2304.0
-768.0
64.0
960.0
1600.0
1920.0
2624.0
4096.0
5248.0
5952.0
4160.0
2560.0
-3328.0
-6400.0
-4032.0
-2752.0
-2752.0
-4608.0
-4800.0
-5824.0
-5696.0
-1216.0
1088.0
3072.0
8576.0
8000.0
6016.0
3776.0
2880.0
128.0
-1600.0
-1472.0
-1344.0
576.0
2240.0
3712.0
1088.0
7040.0
2112.0
2496.0
2816.0
960.0
768.0
320.0
-64.0
-1728.0
-4928.0
-3648.0
-2816.0
-3392.0
-3200.0
-1600.0
-1088.0
704.0
256.0
-192.0
-1216.0
192.0
896.0
2048.0
192.0
-128.0
64.0
1856.0
2112.0
2176.0
1088.0
2048.0
1536.0
1088.0
448.0
-512.0
0.0
384.0
-384.0
-1344.0
-1728.0
-1856.0
-2624.0
-2496.0
-3392.0
-2880.0
-960.0
-320.0
1024.0
1216.0
2432.0
1728.0
3136.0
3840.0
2624.0
2176.0
2048.0
2688.0
3008.0
1920.0
2560.0
1152.0
576.0
192.0
768.0
832.0
704.0
-1024.0
320.0
-1152.0
-2880.0
-3328.0
-1280.0
-2688.0
-3008.0
-1536.0
-1088.0
-1600.0
-832.0
-2112.0
576.0
-384.0
0.0
-384.0
-832.0
192.0
1344.0
-384.0
-576.0
256.0
512.0
-192.0
-768.0
-1408.0
384.0
1920.0
2176.0
3008.0
3328.0
4416.0
3968.0
8320.0
8640.0
3072.0
960.0
256.0
-1216.0
-1728.0
-3072.0
-3072.0
-5952.0
-2432.0
-2880.0
-1344.0
-960.0
256.0
1216.0
2176.0
2496.0
1920.0
576.0
1216.0
-320.0
-1024.0
-1088.0
-1024.0
1280.0
512.0
-1984.0
-2944.0
-1152.0
-1024.0
256.0
-256.0
-320.0
-640.0
-512.0
-896.0
-832.0
0.0
1216.0
-320.0
-64.0
1088.0
1088.0
1216.0
2240.0
704.0
1984.0
896.0
1024.0
2304.0
3008.0
896.0
4352.0
1344.0
128.0
-3264.0
-2624.0
-3328.0
-1728.0
-3392.0
-2304.0
832.0
896.0
4864.0
4032.0
2816.0
3008.0
256.0
-3008.0
-5952.0
-7872.0
-8128.0
-5376.0
-64.0
-6272.0
-4928.0
4672.0
704.0
1280.0
3456.0
960.0
512.0
4480.0
1856.0
-960.0
-2176.0
-1216.0
1280.0
256.0
384.0
384.0
-1344.0
3264.0
256.0
10304.0
2368.0
5248.0
2688.0
256.0
3200.0
2752.0
2048.0
-1536.0
-2432.0
-896.0
-896.0
-2112.0
-832.0
-384.0
64.0
-128.0
-320.0
64.0
-832.0
-2048.0
-3328.0
-1984.0
-2496.0
-2816.0
-3520.0
-4736.0
-960.0
-1088.0
-1088.0
0.0
-768.0
384.0
128.0
256.0
2624.0
4160.0
4160.0
2944.0
4480.0
2752.0
3776.0
6208.0
3328.0
2112.0
704.0
-1344.0
-1664.0
-4096.0
-2880.0
-2816.0
-2752.0
-9088.0
-2176.0
-2368.0
-832.0
-64.0
640.0
320.0
448.0
2048.0
768.0
-576.0
-1344.0
-640.0
256.0
-640.0
64.0
1152.0
128.0
896.0
2560.0
2432.0
4032.0
1664.0
1792.0
1216.0
64.0
-1472.0
960.0
-1600.0
768.0
-320.0
-768.0
-448.0
576.0
1984.0
2496.0
5440.0
4160.0
960.0
-1280.0
-768.0
-2880.0
-2432.0
-2560.0
-4032.0
-3520.0
-1664.0
-3456.0
-2496.0
-1408.0
-1216.0
256.0
-1600.0
-2176.0
64.0
1088.0
640.0
1536.0
2048.0
640.0
448.0
-960.0
-768.0
-384.0
2048.0
3008.0
3520.0
5184.0
1600.0
-896.0
-3264.0
-3648.0
3456.0
2112.0
5248.0
2240.0
4032.0
3584.0
1728.0
-6208.0
-8000.0
-5696.0
-2880.0
-2944.0
-2688.0
-2240.0
-6464.0
4352.0
256.0
-1664.0
8640.0
768.0
7680.0
8384.0
6912.0
4032.0
448.0
0.0
-2368.0
-512.0
-1792.0
-6976.0
5760.0
3264.0
-2176.0
1664.0
1984.0
5568.0
1984.0
1088.0
2752.0
1792.0
-640.0
-3328.0
-2880.0
-1216.0
-832.0
128.0
-896.0
-1344.0
-832.0
-384.0
-1600.0
-7872.0
-4032.0
1408.0
-1024.0
-384.0
-1472.0
-2688.0
-2496.0
-2112.0
-2496.0
-1472.0
-64.0
1472.0
2496.0
2368.0
2304.0
3904.0
4608.0
3328.0
7296.0
5824.0
1472.0
704.0
-1472.0
-3200.0
-5376.0
-11264.0
-6464.0
3584.0
-1024.0
1216.0
-1856.0
-384.0
192.0
960.0
2176.0
2112.0
1600.0
-640.0
-128.0
-1152.0
256.0
1280.0
1472.0
960.0
960.0
-256.0
-6080.0
-2112.0
-1600.0
896.0
5312.0
1088.0
4672.0
704.0
2048.0
3264.0
4736.0
3584.0
5760.0
1088.0
-960.0
-2560.0
-2624.0
-1536.0
-2240.0
-3968.0
-5184.0
-4160.0
-5376.0
-3392.0
960.0
-2688.0
-2368.0
-320.0
1472.0
2624.0
3456.0
3392.0
256.0
-704.0
-2368.0
-1408.0
-1152.0
-704.0
64.0
-256.0
-512.0
-3712.0
-5376.0
-2944.0
-640.0
12608.0
8384.0
5568.0
2496.0
6784.0
2880.0
64.0
-5696.0
-5312.0
-3136.0
-5504.0
-4032.0
-4672.0
-1536.0
-5504.0
-2944.0
2880.0
1408.0
2560.0
256.0
1408.0
3648.0
1664.0
-1920.0
-4992.0
-5760.0
-4160.0
-3520.0
-4160.0
-2048.0
2944.0
-256.0
2240.0
4672.0
5312.0
6976.0
7424.0
4544.0
2432.0
1088.0
320.0
-320.0
-2816.0
-4480.0
-5184.0
-9472.0
-7104.0
1600.0
384.0
-2368.0
-1600.0
-2816.0
-1600.0
-256.0
-1088.0
-1280.0
-384.0
1216.0
1280.0
1536.0
768.0
896.0
640.0
2880.0
2432.0
1728.0
1472.0
512.0
1792.0
3392.0
-64.0
384.0
-7936.0
2560.0
64.0
-832.0
-1152.0
-1664.0
-1600.0
576.0
2048.0
4480.0
2560.0
-832.0
64.0
576.0
1344.0
768.0
-896.0
-704.0
-5696.0
-11968.0
-7936.0
-3072.0
-2624.0
64.0
-1024.0
1344.0
192.0
4224.0
8448.0
16448.0
16640.0
5696.0
1664.0
-2368.0
-4352.0
-4224.0
-4544.0
-5952.0
-8384.0
-7040.0
-6336.0
-4032.0
1280.0
-384.0
2688.0
3008.0
1216.0
896.0
192.0
-320.0
576.0
320.0
128.0
-576.0
-3456.0
-2368.0
-6208.0
-6592.0
-7552.0
-4032.0
-832.0
5888.0
11008.0
10368.0
7744.0
6144.0
3520.0
2752.0
-960.0
-3840.0
-6144.0
-6400.0
-4928.0
-3584.0
-1344.0
-1216.0
2816.0
1984.0
2112.0
1984.0
4864.0
3776.0
2944.0
-640.0
-2368.0
-3904.0
-5248.0
-3072.0
-3328.0
-1664.0
-2560.0
256.0
1216.0
3712.0
5440.0
7360.0
7872.0
6784.0
5248.0
3712.0
896.0
-2688.0
-5440.0
-7296.0
-3008.0
-768.0
-1792.0
-5056.0
-4864.0
-3264.0
-3840.0
-3328.0
-576.0
-512.0
704.0
1088.0
1536.0
384.0
-192.0
1088.0
896.0
1920.0
2304.0
3456.0
3392.0
3392.0
1600.0
-1792.0
-3136.0
-320.0
1792.0
-64.0
2304.0
-960.0
-1536.0
-896.0
2112.0
2368.0
5184.0
2496.0
1280.0
0.0
192.0
-1280.0
-1216.0
-2496.0
-2688.0
-10112.0
-9664.0
-4032.0
-640.0
-4160.0
-3584.0
-960.0
1024.0
1600.0
4800.0
7616.0
7872.0
8448.0
11392.0
4800.0
1472.0
-1408.0
-4608.0
-6208.0
-5440.0
-4608.0
-9536.0
-3200.0
1280.0
2624.0
-64.0
-1344.0
-1344.0
1600.0
1472.0
1856.0
1216.0
448.0
-768.0
-2752.0
-4032.0
-6720.0
-8512.0
-6528.0
-2816.0
2048.0
3968.0
4800.0
11072.0
7232.0
4928.0
5888.0
2624.0
4416.0
2368.0
-1216.0
-5184.0
-6464.0
-2624.0
-1472.0
-2048.0
-1728.0
1024.0
-1600.0
-704.0
3456.0
2176.0
256.0
-448.0
-1088.0
-1408.0
-3904.0
-5568.0
-6464.0
-4672.0
-1536.0
-1088.0
1280.0
4416.0
5632.0
6464.0
5504.0
3968.0
2560.0
1152.0
768.0
-5184.0
-7744.0
-5056.0
-4800.0
-2048.0
-3648.0
-3904.0
-3328.0
-1984.0
-832.0
-256.0
832.0
3648.0
3520.0
2112.0
1408.0
1664.0
2048.0
1984.0
-256.0
704.0
384.0
-512.0
-4224.0
-2752.0
-2176.0
832.0
-2496.0
4800.0
448.0
960.0
2368.0
5184.0
4416.0
2752.0
1344.0
0.0
0.0
-1280.0
64.0
-1664.0
-4800.0
-8768.0
-9280.0
-2304.0
-2560.0
-3584.0
-2560.0
-1728.0
-2816.0
-1920.0
2368.0
5056.0
6400.0
8256.0
6080.0
4224.0
4544.0
2240.0
-1088.0
-1344.0
-2240.0
-2240.0
-512.0
-640.0
-1408.0
-5504.0
-4224.0
-2176.0
-2816.0
-1792.0
-448.0
3264.0
1600.0
1728.0
-1344.0
-384.0
-1664.0
-3520.0
-5440.0
-6784.0
-512.0
7360.0
15040.0
7360.0
5504.0
1728.0
4096.0
2688.0
1792.0
-128.0
-3264.0
-3008.0
-64.0
192.0
1024.0
2048.0
-4160.0
-3008.0
64.0
3328.0
-512.0
-1088.0
768.0
-832.0
-4096.0
-3008.0
-6400.0
-5568.0
-5376.0
-5696.0
-3520.0
512.0
9152.0
12992.0
7168.0
12032.0
-704.0
2432.0
3904.0
-2112.0
-5504.0
-7488.0
-7616.0
-4736.0
-4672.0
-704.0
1344.0
2816.0
3712.0
4672.0
4480.0
2304.0
2112.0
1024.0
-192.0
-1600.0
-1984.0
-2368.0
-3008.0
-1664.0
-5504.0
-1152.0
-256.0
-64.0
-320.0
-704.0
4416.0
6144.0
192.0
1024.0
1216.0
3968.0
4416.0
640.0
-2176.0
-1920.0
-1024.0
-1664.0
-1024.0
-1088.0
-4224.0
-6784.0
-6784.0
-6208.0
-5696.0
2432.0
-704.0
-4160.0
-4160.0
-576.0
4160.0
2432.0
2560.0
384.0
128.0
4480.0
3008.0
2304.0
448.0
1728.0
2752.0
1152.0
-1600.0
-3584.0
-4032.0
-6272.0
-1792.0
1024.0
2688.0
-64.0
-1536.0
-2368.0
-3392.0
-2752.0
-4160.0
-7424.0
-7552.0
-6080.0
-512.0
6720.0
10304.0
9984.0
7552.0
2112.0
4416.0
1536.0
-3456.0
-3904.0
-4864.0
448.0
-960.0
768.0
512.0
-4288.0
-1856.0
5568.0
-2688.0
320.0
1152.0
64.0
-1472.0
-704.0
-2432.0
-3712.0
-1600.0
-128.0
-1728.0
-2304.0
-768.0
2880.0
448.0
320.0
1344.0
1984.0
0.0
1856.0
320.0
-1792.0
-448.0
-448.0
-960.0
448.0
896.0
576.0
1600.0
1344.0
448.0
256.0
1152.0
-448.0
-1600.0
-128.0
192.0
-896.0
448.0
-256.0
-4160.0
-3520.0
1536.0
0.0
-2304.0
-1792.0
1792.0
5440.0
5504.0
3712.0
6400.0
5824.0
6528.0
4160.0
832.0
-3136.0
-2624.0
-3136.0
-4672.0
-4736.0
-5312.0
-7936.0
-7744.0
-6080.0
256.0
-192.0
-1600.0
-1856.0
-512.0
4992.0
3456.0
-192.0
-704.0
64.0
-256.0
-640.0
-1152.0
-832.0
1728.0
1600.0
1984.0
-64.0
3072.0
-128.0
640.0
-2624.0
-640.0
-896.0
-1152.0
-3072.0
-3200.0
-2304.0
-5248.0
-6016.0
-6912.0
-7168.0
-2752.0
192.0
2368.0
19904.0
6528.0
3520.0
-3136.0
-2112.0
-3392.0
256.0
2880.0
832.0
1344.0
64.0
-2240.0
-7680.0
3840.0
6976.0
-1792.0
-384.0
-1600.0
-2560.0
-2944.0
-3584.0
-5760.0
-3456.0
-2304.0
-1600.0
-320.0
-512.0
1280.0
2624.0
768.0
1216.0
-384.0
4096.0
832.0
768.0
-384.0
-512.0
-256.0
-1664.0
0.0
-640.0
576.0
1408.0
1152.0
-1728.0
-1152.0
1344.0
256.0
0.0
-1536.0
-1216.0
256.0
64.0
0.0
-1280.0
-4608.0
-1024.0
-1088.0
-2304.0
-512.0
-1728.0
-256.0
-64.0
3008.0
7488.0
8192.0
7488.0
5568.0
832.0
-1536.0
-1536.0
-4096.0
-3392.0
-4544.0
-7360.0
-8192.0
-6976.0
-4288.0
-2880.0
-1536.0
-3456.0
-640.0
4096.0
6848.0
-1792.0
-1088.0
-1664.0
-2112.0
768.0
384.0
704.0
3200.0
3072.0
2240.0
1216.0
-896.0
-2816.0
-2816.0
-1600.0
-1728.0
-3328.0
-4032.0
-1024.0
-2624.0
-2496.0
-4608.0
-5312.0
-6720.0
-5824.0
-320.0
192.0
-2688.0
10240.0
3328.0
2432.0
-2112.0
-512.0
2240.0
-832.0
256.0
192.0
2560.0
2048.0
-10752.0
-6912.0
-6016.0
-8384.0
-10880.0
-11392.0
-17536.0
-22272.0
-26496.0
-30528.0
-31552.0
-28160.0
-23296.0
-18880.0
-14144.0
-8448.0
-2240.0
4096.0
7424.0
19456.0
24576.0
18624.0
14976.0
12096.0
9664.0
6464.0
2304.0
448.0
-1216.0
320.0
-448.0
896.0
1536.0
3136.0
3712.0
3200.0
4096.0
2752.0
5696.0
6400.0
4992.0
3840.0
6400.0
4736.0
6848.0
9536.0
5824.0
3008.0
7296.0
11264.0
5824.0
2496.0
2048.0
10560.0
1728.0
5888.0
6720.0
6464.0
9728.0
6528.0
2752.0
-192.0
-2880.0
-4416.0
-5056.0
-8832.0
-11200.0
-15360.0
-18560.0
-20096.0
-18624.0
-18560.0
-16384.0
-15872.0
-11968.0
-2688.0
-5120.0
-3264.0
-1856.0
1856.0
7872.0
10368.0
8320.0
10048.0
10560.0
9280.0
4608.0
3008.0
3200.0
4800.0
2880.0
6848.0
4352.0
5888.0
11072.0
11456.0
5248.0
9664.0
8832.0
5952.0
3328.0
1856.0
896.0
3840.0
4672.0
3200.0
4864.0
3584.0
4928.0
3520.0
6656.0
10112.0
9984.0
6464.0
6464.0
10240.0
1920.0
-2944.0
-2368.0
-5440.0
-2368.0
-4544.0
-3200.0
-3712.0
-5504.0
-4480.0
-9856.0
-4992.0
-6656.0
-5312.0
-6720.0
-6016.0
-3776.0
-5632.0
-4800.0
-2112.0
-192.0
1920.0
3392.0
4032.0
5952.0
7104.0
5312.0
4480.0
1664.0
1600.0
1984.0
-576.0
-2112.0
-2752.0
-4736.0
-5312.0
-9664.0
-10944.0
-15936.0
-14720.0
-11264.0
-3584.0
-4928.0
-3904.0
-4928.0
-5248.0
-4928.0
-2880.0
-7040.0
-7104.0
-7104.0
-6848.0
-6080.0
-5248.0
-6784.0
-6272.0
-5632.0
-7744.0
-7040.0
-6272.0
-4992.0
-1728.0
832.0
3008.0
3968.0
4672.0
2496.0
2816.0
960.0
64.0
-1152.0
-448.0
-832.0
-2112.0
-1472.0
-896.0
-896.0
-512.0
-384.0
1280.0
896.0
1408.0
896.0
-128.0
640.0
-1152.0
-1088.0
-1984.0
-1536.0
-320.0
-128.0
2304.0
3136.0
2816.0
512.0
-3392.0
448.0
-1344.0
448.0
7808.0
1536.0
-1984.0
-3200.0
-4096.0
-5248.0
-2240.0
-1664.0
-5440.0
-7744.0
-4032.0
-704.0
-3776.0
-1280.0
-4032.0
-6784.0
-6912.0
-4416.0
-7488.0
-7808.0
-8704.0
-4096.0
-2240.0
-3840.0
-3264.0
-2496.0
-2432.0
-2112.0
-1792.0
-1152.0
320.0
-320.0
384.0
1088.0
704.0
896.0
512.0
448.0
768.0
448.0
-320.0
-192.0
768.0
-1024.0
-1280.0
-1216.0
-1856.0
-1856.0
-1536.0
-3072.0
-2432.0
-2304.0
-2112.0
-2240.0
-2624.0
-3136.0
-2752.0
-1152.0
-1152.0
320.0
-704.0
576.0
128.0
2368.0
1728.0
1664.0
2048.0
1536.0
2752.0
4736.0
2560.0
2496.0
5120.0
2752.0
3008.0
448.0
2944.0
1344.0
1472.0
-64.0
128.0
576.0
320.0
128.0
-1408.0
-832.0
768.0
-1344.0
-2432.0
-1664.0
-1152.0
-1024.0
-1216.0
-704.0
-960.0
-448.0
-384.0
-384.0
-192.0
-576.0
-320.0
448.0
192.0
-128.0
832.0
256.0
-1216.0
-1152.0
-1088.0
-448.0
-512.0
192.0
512.0
-64.0
-448.0
0.0
768.0
64.0
-1472.0
-704.0
1728.0
192.0
1408.0
-64.0
1280.0
1216.0
640.0
960.0
576.0
2304.0
-256.0
768.0
576.0
2304.0
2624.0
3072.0
1088.0
-1408.0
512.0
2048.0
1344.0
576.0
-1088.0
64.0
-448.0
-1600.0
-1536.0
-2112.0
-704.0
-704.0
-512.0
-1856.0
-1984.0
-128.0
-896.0
-2176.0
-1408.0
-1920.0
-1536.0
-1344.0
-1408.0
-896.0
-960.0
-640.0
-256.0
-960.0
256.0
-640.0
448.0
128.0
576.0
640.0
2112.0
128.0
704.0
1472.0
1664.0
1536.0
1472.0
1536.0
192.0
1088.0
1344.0
832.0
1152.0
768.0
512.0
512.0
-832.0
-256.0
256.0
-704.0
-1344.0
-1280.0
-1152.0
-704.0
-896.0
-704.0
-1152.0
-896.0
-1344.0
-1152.0
512.0
-1792.0
-896.0
-1152.0
128.0
256.0
256.0
-256.0
960.0
0.0
-128.0
-1728.0
-1280.0
-320.0
-256.0
-832.0
-896.0
-64.0
-512.0
-384.0
-640.0
704.0
192.0
-704.0
-832.0
704.0
896.0
448.0
576.0
-448.0
1408.0
1856.0
960.0
1600.0
2368.0
896.0
1408.0
1216.0
768.0
896.0
1024.0
-128.0
64.0
832.0
-576.0
320.0
320.0
-64.0
-1408.0
-1088.0
-640.0
-384.0
-2112.0
-1472.0
-1664.0
-384.0
-960.0
-256.0
-2176.0
-1280.0
-1280.0
64.0
-512.0
-1280.0
-192.0
-1152.0
-512.0
-256.0
-576.0
256.0
128.0
-576.0
-576.0
0.0
-64.0
-640.0
832.0
2816.0
576.0
1536.0
1216.0
1920.0
1152.0
2048.0
128.0
704.0
960.0
320.0
448.0
640.0
704.0
384.0
-448.0
1344.0
384.0
512.0
128.0
192.0
-704.0
-384.0
0.0
-320.0
-704.0
-1792.0
-256.0
-832.0
-576.0
-1472.0
-896.0
-1792.0
-448.0
-1536.0
-2368.0
-1280.0
-1664.0
-192.0
-704.0
320.0
-1600.0
-576.0
-1920.0
-960.0
1024.0
-896.0
0.0
320.0
1408.0
640.0
-512.0
-832.0
384.0
2112.0
1472.0
1792.0
1984.0
1216.0
1792.0
-384.0
0.0
1024.0
1344.0
704.0
1280.0
896.0
1536.0
64.0
-384.0
-1920.0
-1600.0
-2944.0
-2304.0
-2624.0
-1664.0
-960.0
-1472.0
-1472.0
-1536.0
-1920.0
-832.0
-256.0
-1344.0
-640.0
-1088.0
