-384.0
-384.0
-192.0
0.0
320.0
512.0
768.0
1088.0
1792.0
2368.0
2304.0
2816.0
3456.0
4096.0
4160.0
3840.0
3008.0
2176.0
1792.0
1344.0
384.0
-320.0
-1152.0
-1408.0
-1600.0
-1472.0
-960.0
-896.0
-128.0
896.0
1792.0
2368.0
2240.0
2176.0
1920.0
1920.0
1408.0
1024.0
384.0
512.0
-192.0
-960.0
-1088.0
-1152.0
-1024.0
-768.0
-832.0
-320.0
320.0
896.0
1536.0
1664.0
2368.0
2624.0
2816.0
2432.0
1984.0
1600.0
1280.0
960.0
448.0
-64.0
-64.0
-64.0
-384.0
-896.0
-576.0
-320.0
-128.0
640.0
576.0
768.0
192.0
1024.0
1344.0
1600.0
1536.0
1280.0
1088.0
1280.0
1216.0
1216.0
1536.0
1536.0
1600.0
128.0
320.0
576.0
-128.0
-768.0
-1408.0
-1344.0
-1408.0
-1088.0
-576.0
192.0
640.0
1088.0
1728.0
2496.0
2816.0
2688.0
1920.0
2368.0
1920.0
1344.0
512.0
-320.0
-448.0
-448.0
-448.0
-832.0
-768.0
-640.0
0.0
192.0
768.0
1280.0
2048.0
1984.0
2240.0
1984.0
2112.0
2112.0
2048.0
1600.0
1408.0
1280.0
1472.0
1280.0
896.0
448.0
0.0
-384.0
512.0
320.0
512.0
-896.0
-640.0
384.0
1216.0
576.0
448.0
1088.0
1536.0
1408.0
896.0
640.0
704.0
1152.0
1024.0
-128.0
256.0
384.0
448.0
1088.0
896.0
1024.0
704.0
192.0
-64.0
-64.0
576.0
-128.0
576.0
128.0
64.0
-64.0
448.0
704.0
1408.0
1600.0
960.0
768.0
1280.0
1792.0
1344.0
1152.0
-128.0
192.0
-128.0
64.0
832.0
0.0
192.0
512.0
576.0
1792.0
1344.0
1728.0
1216.0
192.0
1472.0
2240.0
1920.0
1344.0
384.0
640.0
832.0
448.0
384.0
-768.0
-192.0
128.0
256.0
-384.0
-320.0
1280.0
448.0
1472.0
1920.0
1024.0
2304.0
1984.0
2944.0
2688.0
1344.0
384.0
1728.0
1664.0
960.0
0.0
576.0
704.0
896.0
-448.0
-960.0
-896.0
-1408.0
-256.0
-64.0
320.0
640.0
-192.0
512.0
384.0
704.0
960.0
1856.0
1024.0
1792.0
1984.0
2240.0
1728.0
192.0
-128.0
512.0
832.0
832.0
320.0
-1408.0
-384.0
-448.0
-192.0
448.0
1280.0
1728.0
1600.0
1536.0
2560.0
1792.0
2048.0
832.0
896.0
-640.0
384.0
512.0
256.0
64.0
-704.0
-1344.0
-1088.0
-1024.0
384.0
1920.0
2368.0
1472.0
1600.0
1472.0
1728.0
1920.0
896.0
1152.0
960.0
576.0
0.0
-768.0
-64.0
896.0
1600.0
320.0
1216.0
1344.0
832.0
1216.0
2048.0
2496.0
2304.0
1600.0
128.0
-384.0
-320.0
-768.0
-896.0
512.0
-640.0
-512.0
-320.0
384.0
576.0
1216.0
2048.0
2048.0
1728.0
1152.0
1088.0
1472.0
2112.0
1408.0
1280.0
-384.0
1024.0
-64.0
1024.0
-384.0
-192.0
-128.0
-1408.0
-192.0
-448.0
-960.0
320.0
128.0
1280.0
256.0
-448.0
-64.0
384.0
2304.0
1856.0
1408.0
1152.0
768.0
320.0
320.0
-256.0
1088.0
-896.0
-640.0
-512.0
-1216.0
-576.0
256.0
-192.0
-64.0
512.0
320.0
1344.0
1408.0
960.0
1408.0
1664.0
1536.0
832.0
1024.0
1536.0
192.0
1216.0
1216.0
704.0
512.0
1088.0
-1344.0
512.0
0.0
-384.0
576.0
704.0
1408.0
0.0
-128.0
704.0
1280.0
1152.0
1344.0
-256.0
256.0
1600.0
1344.0
1984.0
1984.0
3136.0
1920.0
1344.0
1856.0
576.0
-448.0
960.0
-704.0
320.0
-704.0
-1088.0
-1024.0
-256.0
576.0
-1152.0
384.0
0.0
-1152.0
-512.0
-1088.0
-832.0
-832.0
320.0
1280.0
1408.0
4096.0
3776.0
704.0
1216.0
1920.0
576.0
1728.0
1216.0
256.0
-2048.0
-2368.0
-1472.0
-960.0
-576.0
-1792.0
-320.0
192.0
4096.0
1728.0
-128.0
2304.0
1856.0
2816.0
832.0
704.0
1152.0
448.0
576.0
0.0
64.0
-64.0
-576.0
64.0
192.0
0.0
832.0
-192.0
1600.0
1152.0
-640.0
3072.0
4352.0
-704.0
-1024.0
320.0
1088.0
1536.0
1024.0
128.0
64.0
1344.0
1280.0
1856.0
1024.0
2176.0
3008.0
1792.0
2368.0
576.0
768.0
-64.0
704.0
832.0
1408.0
448.0
256.0
576.0
-320.0
-1280.0
-1920.0
0.0
-768.0
-1344.0
-1088.0
512.0
-896.0
512.0
320.0
1280.0
-256.0
64.0
192.0
1856.0
2560.0
1088.0
1472.0
2432.0
2432.0
1024.0
-512.0
960.0
5760.0
3200.0
-832.0
-1216.0
-960.0
-320.0
-64.0
768.0
960.0
640.0
1152.0
2304.0
2176.0
1920.0
3008.0
4352.0
3328.0
640.0
832.0
-512.0
576.0
576.0
-1024.0
-1216.0
-896.0
-768.0
384.0
-1216.0
-704.0
192.0
768.0
448.0
1536.0
1856.0
2048.0
1216.0
1280.0
-320.0
-448.0
640.0
-128.0
0.0
-832.0
-512.0
512.0
1024.0
1536.0
-192.0
-256.0
320.0
1408.0
-64.0
1024.0
1024.0
1280.0
1216.0
-576.0
-192.0
-576.0
-960.0
-704.0
64.0
832.0
-704.0
-832.0
640.0
1088.0
1920.0
2816.0
2432.0
3072.0
2432.0
1408.0
2496.0
2496.0
1600.0
1152.0
-640.0
576.0
-64.0
896.0
-320.0
320.0
256.0
1024.0
1408.0
1344.0
-1024.0
-1856.0
-1472.0
-896.0
-832.0
-768.0
-1088.0
-896.0
-128.0
0.0
-256.0
-960.0
-192.0
-832.0
-2176.0
-960.0
576.0
256.0
-128.0
-1664.0
-448.0
512.0
704.0
1280.0
1024.0
384.0
576.0
-128.0
3328.0
3648.0
2432.0
3264.0
3264.0
4224.0
3264.0
4160.0
-960.0
2944.0
1472.0
1856.0
896.0
640.0
-1920.0
-2176.0
-832.0
-320.0
-1856.0
-2048.0
-3456.0
-1472.0
-1408.0
-960.0
3520.0
1920.0
1664.0
1856.0
2688.0
704.0
-320.0
-128.0
448.0
-128.0
-512.0
-512.0
-384.0
-1024.0
-1088.0
-1280.0
-896.0
0.0
64.0
384.0
-64.0
192.0
64.0
256.0
-512.0
-2112.0
-2880.0
-1280.0
-1920.0
-4096.0
-3136.0
-2496.0
-1408.0
-1024.0
1024.0
1792.0
4096.0
6720.0
6272.0
7488.0
5184.0
5056.0
576.0
1344.0
1024.0
2112.0
2240.0
768.0
384.0
-2112.0
-1152.0
-2944.0
-1984.0
-2560.0
-3008.0
-3904.0
-3008.0
-4736.0
-3904.0
-2752.0
-1536.0
-1280.0
-1856.0
-896.0
-576.0
-1152.0
-1024.0
-960.0
192.0
640.0
640.0
1024.0
1728.0
1920.0
2368.0
3584.0
3520.0
3840.0
3840.0
3392.0
3648.0
3200.0
896.0
576.0
-448.0
-320.0
-512.0
64.0
256.0
-192.0
-256.0
512.0
-1664.0
-1600.0
384.0
-768.0
128.0
64.0
-320.0
-1088.0
-960.0
-1088.0
-704.0
-1024.0
-1152.0
-256.0
-1792.0
-192.0
-128.0
0.0
-704.0
448.0
448.0
64.0
704.0
1088.0
448.0
-128.0
64.0
-256.0
1920.0
-448.0
-320.0
1536.0
512.0
896.0
1472.0
960.0
2944.0
1600.0
960.0
1600.0
832.0
1152.0
1344.0
1728.0
512.0
1856.0
1344.0
-128.0
-1344.0
-1280.0
-1920.0
-704.0
-896.0
-1536.0
-1152.0
-1152.0
576.0
-192.0
-1024.0
-1024.0
-1088.0
-1024.0
-704.0
-1088.0
-512.0
-832.0
-960.0
-2432.0
-1024.0
-256.0
-256.0
1024.0
384.0
1792.0
2240.0
2496.0
3840.0
1664.0
2048.0
2176.0
2048.0
3264.0
960.0
1024.0
1152.0
1216.0
-128.0
-2112.0
-1600.0
-2944.0
-3008.0
-3712.0
-2432.0
-768.0
0.0
-64.0
320.0
-192.0
320.0
-576.0
832.0
-1088.0
-832.0
1024.0
-1472.0
-1536.0
-2368.0
-1664.0
-384.0
-896.0
64.0
-256.0
64.0
-1344.0
-2048.0
-704.0
-1472.0
-2112.0
-1984.0
-3264.0
-2560.0
-1280.0
-1216.0
-2432.0
-1216.0
-256.0
1984.0
2240.0
3392.0
4416.0
4352.0
6464.0
6080.0
6400.0
5184.0
3840.0
2176.0
384.0
-192.0
-1728.0
-1792.0
-2368.0
-2624.0
-4672.0
-3392.0
-3008.0
-1920.0
-4416.0
-4864.0
-4352.0
-3648.0
-1984.0
-1088.0
-2240.0
-1344.0
-384.0
1024.0
1152.0
960.0
3456.0
4096.0
3712.0
2432.0
2944.0
2496.0
2240.0
2496.0
3392.0
1344.0
1408.0
960.0
1024.0
64.0
1024.0
576.0
2304.0
448.0
-128.0
-1664.0
-2304.0
-2432.0
-1728.0
-2880.0
-2368.0
-2432.0
-512.0
-1344.0
-448.0
-576.0
320.0
256.0
-192.0
-192.0
384.0
832.0
-1344.0
-768.0
-1344.0
-512.0
-1344.0
-1664.0
-2624.0
-1856.0
-2944.0
192.0
-128.0
64.0
1536.0
3968.0
3968.0
3904.0
5120.0
5056.0
4736.0
5376.0
4352.0
4736.0
64.0
512.0
256.0
1024.0
-1344.0
-2112.0
-1984.0
-3008.0
-2624.0
-2880.0
-2688.0
-2752.0
-4032.0
-4672.0
-3136.0
-2944.0
-2496.0
-1856.0
-1216.0
-512.0
-960.0
-1152.0
-1408.0
-1600.0
-384.0
-768.0
-576.0
-832.0
-1152.0
256.0
-320.0
512.0
448.0
192.0
1088.0
1024.0
384.0
2624.0
2432.0
6528.0
7360.0
5184.0
5568.0
3840.0
1344.0
640.0
-1344.0
-1600.0
-2688.0
-1984.0
-2624.0
-1792.0
-256.0
-1536.0
-2432.0
-1152.0
-896.0
832.0
896.0
1728.0
640.0
512.0
448.0
-256.0
-1344.0
-896.0
-704.0
-1856.0
-576.0
-128.0
896.0
2432.0
4736.0
10112.0
3264.0
896.0
192.0
-192.0
192.0
-384.0
768.0
512.0
-1664.0
-2560.0
-4032.0
-2240.0
-2304.0
-4352.0
-4864.0
-3008.0
-1536.0
-704.0
-960.0
-832.0
0.0
192.0
256.0
-320.0
-192.0
-1216.0
-1600.0
-2176.0
-1472.0
-1920.0
-1216.0
-1408.0
-320.0
1152.0
704.0
1280.0
1600.0
2048.0
1920.0
2752.0
1216.0
1728.0
1984.0
1920.0
1472.0
1344.0
1280.0
-128.0
512.0
-896.0
-2752.0
-1984.0
-256.0
-832.0
-384.0
1024.0
-832.0
-1088.0
-2240.0
-2112.0
576.0
0.0
-3584.0
-3200.0
-1280.0
-3200.0
-3776.0
-3584.0
-2496.0
-1600.0
-2176.0
-2240.0
-1152.0
-896.0
2112.0
3584.0
15552.0
4480.0
3392.0
4864.0
6720.0
1856.0
768.0
0.0
-384.0
-384.0
-64.0
512.0
-128.0
-768.0
-768.0
-768.0
-1088.0
-1856.0
-1344.0
-1664.0
-1856.0
-2432.0
1344.0
-2880.0
-3776.0
-2560.0
-1856.0
-3392.0
-2560.0
-2240.0
-1536.0
-1600.0
-832.0
0.0
-832.0
1536.0
1856.0
4672.0
5248.0
7744.0
6464.0
4608.0
4032.0
2304.0
1216.0
1728.0
1280.0
-2560.0
-2368.0
-2496.0
-1920.0
-1216.0
-1856.0
-1152.0
-1600.0
-2560.0
-2048.0
-1344.0
-2560.0
-5248.0
-4864.0
-4288.0
-3392.0
-2368.0
-2816.0
-2688.0
-768.0
-384.0
768.0
896.0
1024.0
-128.0
1536.0
1472.0
2688.0
3968.0
256.0
1792.0
896.0
832.0
1152.0
2304.0
192.0
-320.0
384.0
-512.0
-832.0
-384.0
-448.0
-1728.0
-4160.0
-4480.0
-2880.0
-1088.0
-2688.0
-4352.0
-1664.0
-1216.0
-1600.0
1344.0
-576.0
256.0
-896.0
832.0
704.0
320.0
1216.0
4480.0
2496.0
1472.0
2240.0
1152.0
3200.0
2624.0
4608.0
1664.0
-448.0
-320.0
576.0
-896.0
-1984.0
-2176.0
-2304.0
-4160.0
-5440.0
-5952.0
-3584.0
-3072.0
-2880.0
-2816.0
-1920.0
-1536.0
-1152.0
-896.0
-1088.0
-384.0
-768.0
64.0
448.0
-192.0
-896.0
-1408.0
64.0
-1344.0
1664.0
-1856.0
2752.0
960.0
3072.0
1728.0
2880.0
3776.0
3520.0
4416.0
3136.0
1664.0
2048.0
64.0
-640.0
-256.0
-1088.0
-3136.0
-2880.0
-2304.0
-3072.0
-5248.0
-6144.0
-4288.0
-3328.0
-2880.0
-2432.0
-512.0
-704.0
576.0
64.0
640.0
1408.0
832.0
2624.0
3200.0
7744.0
6592.0
6848.0
960.0
960.0
1600.0
2688.0
704.0
64.0
320.0
-3968.0
-320.0
-1216.0
-4032.0
-3840.0
-1216.0
-2240.0
-3776.0
-3776.0
-5120.0
-5056.0
-4160.0
-1216.0
-1536.0
-192.0
896.0
2624.0
3904.0
3712.0
3136.0
1472.0
1856.0
2048.0
2432.0
64.0
448.0
1024.0
2688.0
-1600.0
2560.0
-768.0
-1344.0
-1216.0
-64.0
704.0
1856.0
896.0
1216.0
1152.0
-1792.0
-1088.0
-256.0
-448.0
-2432.0
-2560.0
-2048.0
-2176.0
-832.0
1280.0
960.0
-1664.0
-1920.0
1984.0
-1216.0
640.0
-512.0
-192.0
64.0
-384.0
2176.0
1408.0
2560.0
3072.0
3520.0
2688.0
1344.0
1408.0
-704.0
-2176.0
-1536.0
-3456.0
-1728.0
-3648.0
-3328.0
-3200.0
-1856.0
-1792.0
-832.0
-832.0
-128.0
-768.0
-256.0
-1024.0
-704.0
-1472.0
-1152.0
-2432.0
-2304.0
-512.0
-2432.0
-2176.0
-2624.0
-704.0
-768.0
1984.0
640.0
768.0
640.0
2560.0
1408.0
1856.0
1792.0
2944.0
5248.0
1984.0
-192.0
1536.0
3136.0
-704.0
192.0
-3712.0
-6080.0
-5952.0
-3776.0
-5184.0
-6848.0
-5952.0
-4032.0
-2048.0
-832.0
1536.0
3456.0
3520.0
7040.0
5952.0
5760.0
2880.0
1408.0
1472.0
832.0
960.0
-576.0
-2048.0
-1792.0
-3712.0
1152.0
-4032.0
-4736.0
-6016.0
-3008.0
-2560.0
-4032.0
-7488.0
-5696.0
-4480.0
-3712.0
-2176.0
128.0
1856.0
2688.0
2240.0
1280.0
1152.0
1920.0
1600.0
1152.0
-1920.0
64.0
128.0
-1536.0
6336.0
1344.0
448.0
-1664.0
192.0
2112.0
1472.0
2560.0
1472.0
320.0
-704.0
-384.0
-256.0
-1088.0
-2048.0
-1216.0
-1280.0
-1600.0
-1856.0
-960.0
-2752.0
-2944.0
1984.0
-192.0
-1472.0
-1536.0
-2048.0
-2624.0
-3136.0
-3392.0
-1664.0
-2240.0
704.0
2048.0
2496.0
4288.0
5184.0
8704.0
2304.0
2560.0
-576.0
-1216.0
-1984.0
-1984.0
-3392.0
-3200.0
-3840.0
-4992.0
-5760.0
-4672.0
-3456.0
-2368.0
-1152.0
-320.0
-1024.0
-512.0
4736.0
512.0
-448.0
448.0
-2048.0
1984.0
1408.0
1472.0
3648.0
3008.0
3776.0
3200.0
2304.0
2368.0
640.0
128.0
-1280.0
-3392.0
-5376.0
-2944.0
-5952.0
-3264.0
-3968.0
-5248.0
-3136.0
-3200.0
-2240.0
-832.0
576.0
2752.0
1664.0
2816.0
3712.0
4416.0
2624.0
-64.0
-1536.0
-1280.0
1536.0
0.0
-64.0
-448.0
192.0
320.0
0.0
1600.0
-2176.0
320.0
-1088.0
-512.0
-896.0
-1344.0
-1600.0
-3648.0
-3136.0
-3264.0
-2560.0
-3328.0
-4480.0
-8256.0
-8768.0
-8960.0
-10112.0
-11904.0
-13376.0
-17088.0
-19328.0
-13440.0
-10816.0
-13760.0
-8768.0
-7232.0
-7040.0
-6848.0
-8000.0
-4992.0
-2560.0
-896.0
2304.0
4480.0
7936.0
7808.0
10752.0
11456.0
11328.0
9984.0
7488.0
5184.0
4160.0
2688.0
1792.0
1280.0
1728.0
2304.0
3200.0
2816.0
4480.0
3328.0
3264.0
4096.0
4480.0
5056.0
4416.0
8000.0
4992.0
8704.0
8960.0
4800.0
8960.0
16320.0
9664.0
1664.0
2624.0
768.0
3264.0
2368.0
2880.0
3200.0
2240.0
-1536.0
-1792.0
-4864.0
-5376.0
-7296.0
-8960.0
-14208.0
-26560.0
-22976.0
-31872.0
-28736.0
-28928.0
-21952.0
-26112.0
-21632.0
-18176.0
-15552.0
-8896.0
-6656.0
-2176.0
-576.0
128.0
4544.0
11328.0
15936.0
32384.0
21056.0
19328.0
13568.0
13632.0
8832.0
6912.0
4224.0
3648.0
3392.0
4608.0
5312.0
2304.0
2496.0
3712.0
5120.0
6464.0
7744.0
6272.0
6016.0
5056.0
4928.0
4032.0
4416.0
5184.0
4224.0
5568.0
6656.0
5248.0
8960.0
18176.0
7680.0
6016.0
4928.0
4800.0
5248.0
2752.0
6080.0
4608.0
4032.0
4096.0
3584.0
4160.0
1408.0
-64.0
-512.0
-1984.0
-4672.0
-5696.0
-7104.0
-8832.0
-11200.0
-13760.0
-13568.0
-14976.0
-13504.0
-11392.0
-11072.0
-8256.0
-8256.0
-6272.0
-4224.0
-3136.0
-1408.0
2048.0
4800.0
8512.0
10880.0
11968.0
10560.0
9984.0
7808.0
4992.0
4032.0
2688.0
1472.0
1216.0
512.0
-768.0
1024.0
1600.0
1536.0
2048.0
1856.0
-1344.0
-3840.0
-1792.0
64.0
-4032.0
-2496.0
-4032.0
-12672.0
-7936.0
-6400.0
-9024.0
-6848.0
-6144.0
-7104.0
-8576.0
-11136.0
-10048.0
-13952.0
-13376.0
-12032.0
-12608.0
-12992.0
-11136.0
-8192.0
-6720.0
-5888.0
-3200.0
-3712.0
-2304.0
-320.0
1856.0
5760.0
6400.0
7168.0
7104.0
5824.0
6336.0
4288.0
2944.0
704.0
-768.0
-1472.0
-1856.0
-2880.0
-2944.0
-2816.0
-2496.0
-2688.0
-2368.0
-2048.0
-1536.0
-2048.0
-1600.0
-832.0
-448.0
640.0
64.0
-768.0
1344.0
1600.0
2368.0
-64.0
448.0
1408.0
-256.0
-2752.0
1280.0
832.0
1792.0
896.0
-2560.0
-3264.0
-4160.0
-1600.0
-448.0
-960.0
-3200.0
-576.0
-2688.0
-4608.0
-704.0
-512.0
-192.0
-1344.0
-3072.0
-3712.0
-3328.0
-4096.0
-4800.0
-4928.0
-5312.0
-5504.0
-4800.0
-4928.0
-5760.0
-5568.0
-5440.0
-4544.0
-2176.0
-4032.0
-3136.0
-4032.0
-2240.0
-128.0
-1088.0
192.0
2048.0
2304.0
-128.0
1280.0
2176.0
1792.0
-320.0
-1216.0
-768.0
-960.0
-2112.0
-1472.0
-1792.0
-2432.0
-1344.0
-128.0
-640.0
128.0
-640.0
448.0
896.0
-512.0
-896.0
704.0
512.0
896.0
1216.0
832.0
832.0
192.0
1024.0
1024.0
768.0
-576.0
-192.0
-256.0
-1856.0
-2048.0
-1216.0
-1216.0
-2816.0
-2304.0
-1280.0
-1472.0
-1024.0
-512.0
-896.0
-832.0
-576.0
-256.0
64.0
-576.0
-192.0
-512.0
512.0
576.0
512.0
896.0
-1088.0
-576.0
768.0
384.0
-384.0
-448.0
-1664.0
-1472.0
192.0
-192.0
-128.0
-384.0
-64.0
-1664.0
448.0
320.0
-832.0
-64.0
-320.0
384.0
1088.0
-1152.0
-1216.0
-1408.0
-768.0
640.0
-320.0
-128.0
-896.0
704.0
-576.0
128.0
-1536.0
-768.0
-768.0
-256.0
320.0
1280.0
-448.0
704.0
192.0
960.0
64.0
192.0
-320.0
-64.0
1152.0
384.0
1152.0
-1664.0
-768.0
-256.0
-512.0
-1152.0
-832.0
1600.0
192.0
832.0
-384.0
-1024.0
-1152.0
-1280.0
-384.0
-2240.0
-2112.0
-2176.0
-1856.0
-2112.0
-1664.0
-1088.0
-1024.0
-1536.0
-704.0
-576.0
-1280.0
-1856.0
-1664.0
-640.0
-1280.0
-128.0
64.0
768.0
-576.0
1024.0
192.0
-1024.0
-448.0
-704.0
1472.0
448.0
192.0
-128.0
768.0
1472.0
-64.0
512.0
128.0
576.0
768.0
128.0
448.0
1216.0
1856.0
1024.0
-128.0
640.0
704.0
-320.0
64.0
0.0
-576.0
0.0
768.0
-256.0
-192.0
-1728.0
-896.0
-192.0
64.0
-704.0
-576.0
-64.0
-128.0
64.0
64.0
-768.0
-448.0
-640.0
-896.0
64.0
-960.0
-832.0
-640.0
576.0
192.0
-768.0
-704.0
-704.0
-1408.0
-320.0
256.0
-320.0
-1664.0
-1472.0
-320.0
-1280.0
-448.0
512.0
192.0
-832.0
1152.0
-192.0
-640.0
-448.0
-576.0
512.0
512.0
1152.0
-128.0
960.0
1088.0
-448.0
-320.0
-960.0
192.0
896.0
640.0
-384.0
1344.0
128.0
-64.0
-256.0
-64.0
448.0
768.0
-768.0
-1792.0
0.0
-1472.0
-1728.0
-1920.0
-768.0
-1536.0
-1728.0
-1984.0
-1472.0
-1664.0
-1408.0
-384.0
-1472.0
-1472.0
-768.0
-1536.0
-512.0
-1024.0
-512.0
-512.0
-640.0
-128.0
1152.0
-384.0
-64.0
192.0
1024.0
-512.0
-128.0
-320.0
3520.0
960.0
-320.0
-320.0
1216.0
-320.0
-448.0
704.0
2112.0
128.0
-64.0
-1024.0
320.0
2048.0
-640.0
384.0
128.0
-1472.0
-1152.0
-1024.0
-1152.0
-960.0
-960.0
-2176.0
192.0
-576.0
-1344.0
-1792.0
-1088.0
-896.0
-1152.0
-1280.0
-1024.0
-320.0
-896.0
-1856.0
-896.0
-128.0
-576.0
-384.0
-256.0
-64.0
128.0
-512.0
-1152.0
-1152.0
-1088.0
-896.0
384.0
64.0
1280.0
192.0
-640.0
1088.0
448.0
64.0
-128.0
-128.0
128.0
960.0
2304.0
1792.0
1152.0
3392.0
704.0
832.0
