0.0
64.0
0.0
64.0
64.0
-384.0
-384.0
-384.0
-256.0
-64.0
-384.0
-128.0
-128.0
256.0
320.0
320.0
-1152.0
-1088.0
-704.0
-960.0
-640.0
768.0
768.0
384.0
640.0
-128.0
1024.0
-256.0
-256.0
64.0
-256.0
-1344.0
256.0
-320.0
-256.0
192.0
0.0
640.0
512.0
-512.0
-320.0
-576.0
-896.0
0.0
128.0
-64.0
192.0
448.0
448.0
64.0
-128.0
-512.0
-1088.0
-384.0
-640.0
-192.0
-128.0
-128.0
0.0
-320.0
0.0
256.0
-896.0
-1024.0
-256.0
-384.0
-384.0
640.0
192.0
-640.0
512.0
-256.0
384.0
704.0
-192.0
448.0
-64.0
-960.0
1088.0
128.0
-1792.0
0.0
-832.0
704.0
64.0
-512.0
1472.0
768.0
128.0
320.0
-1472.0
-768.0
1536.0
-1152.0
192.0
1792.0
448.0
-320.0
-256.0
64.0
128.0
-576.0
256.0
320.0
-960.0
-384.0
-1152.0
-448.0
-192.0
-2368.0
1536.0
-320.0
-2432.0
-320.0
2496.0
-1536.0
2304.0
2112.0
-576.0
960.0
-704.0
-1856.0
-832.0
-448.0
-1408.0
-1216.0
-256.0
576.0
-1024.0
-1216.0
1152.0
-256.0
896.0
576.0
-832.0
1152.0
64.0
128.0
-1344.0
-192.0
64.0
-960.0
-128.0
448.0
-256.0
832.0
-320.0
320.0
1216.0
-1024.0
-2432.0
-1472.0
-448.0
-1600.0
-2752.0
1344.0
-1344.0
640.0
-256.0
-1024.0
960.0
-1280.0
-1792.0
1664.0
576.0
-832.0
1856.0
-1216.0
704.0
-2240.0
-2432.0
1856.0
-896.0
-2368.0
2752.0
1152.0
-1984.0
-896.0
1088.0
576.0
-192.0
-1088.0
576.0
-1472.0
384.0
960.0
64.0
-128.0
1344.0
192.0
256.0
-1408.0
-832.0
-704.0
640.0
384.0
896.0
960.0
1280.0
128.0
-256.0
256.0
-576.0
-192.0
-2624.0
-256.0
-512.0
-64.0
192.0
-832.0
-384.0
-1280.0
-1536.0
-1024.0
512.0
-256.0
256.0
-384.0
-1152.0
448.0
256.0
192.0
-128.0
-1152.0
-1216.0
1280.0
-256.0
704.0
192.0
-320.0
-1472.0
-192.0
832.0
384.0
-128.0
-640.0
-1600.0
-128.0
0.0
-1088.0
-448.0
64.0
3456.0
256.0
-448.0
-3008.0
-2368.0
-3456.0
256.0
1280.0
448.0
-768.0
-64.0
-64.0
64.0
-2624.0
-1408.0
576.0
-1152.0
-576.0
320.0
-384.0
-1280.0
-512.0
-1088.0
1024.0
0.0
-448.0
-256.0
256.0
128.0
-192.0
-128.0
-256.0
-2176.0
-2368.0
512.0
1024.0
896.0
1280.0
256.0
2112.0
1600.0
128.0
-1728.0
-576.0
-1664.0
-2624.0
-1216.0
-576.0
-704.0
64.0
960.0
896.0
0.0
-128.0
128.0
2624.0
256.0
256.0
64.0
-192.0
1344.0
-64.0
-320.0
-1472.0
-1664.0
-832.0
-320.0
256.0
512.0
-512.0
-1920.0
-576.0
512.0
2240.0
1280.0
-512.0
1664.0
1216.0
1408.0
256.0
-1728.0
0.0
-576.0
-896.0
-832.0
960.0
832.0
1344.0
1472.0
960.0
-640.0
-1408.0
-1600.0
192.0
-1152.0
-256.0
512.0
1024.0
1600.0
2560.0
4032.0
2048.0
-640.0
-1856.0
-2048.0
-4480.0
-6656.0
-2496.0
-704.0
-1728.0
-1984.0
-768.0
-1088.0
-832.0
1088.0
1664.0
-704.0
-1984.0
768.0
1600.0
1152.0
2624.0
1728.0
1024.0
1792.0
1856.0
192.0
1856.0
1088.0
1600.0
1536.0
128.0
-832.0
-64.0
1664.0
1152.0
1472.0
256.0
-640.0
-4480.0
-4160.0
-128.0
-1664.0
-640.0
-192.0
1216.0
1152.0
384.0
-704.0
-1472.0
-512.0
-832.0
-768.0
-704.0
-1024.0
64.0
1472.0
1024.0
-384.0
-1792.0
-4224.0
-3136.0
1472.0
-1344.0
-1216.0
-896.0
-768.0
-1664.0
-1600.0
-384.0
-320.0
-384.0
-576.0
192.0
1536.0
2368.0
896.0
128.0
-256.0
-512.0
-448.0
2944.0
1088.0
-832.0
128.0
896.0
64.0
-768.0
-1408.0
-1152.0
-384.0
-384.0
-1664.0
-2048.0
-3904.0
-3520.0
-2880.0
-1472.0
-2432.0
1536.0
1216.0
320.0
2112.0
640.0
512.0
-64.0
-768.0
-1472.0
-3008.0
-2048.0
-256.0
320.0
-704.0
1088.0
1152.0
768.0
320.0
1792.0
1984.0
1152.0
960.0
2496.0
-1408.0
-448.0
768.0
-512.0
-576.0
896.0
1856.0
640.0
128.0
-448.0
-1920.0
-2624.0
1664.0
0.0
-192.0
-1856.0
-3008.0
-1664.0
-1536.0
-4096.0
-2048.0
128.0
1088.0
896.0
0.0
-704.0
-1728.0
896.0
1408.0
1728.0
-896.0
-384.0
1472.0
1472.0
1856.0
832.0
-640.0
1088.0
1472.0
1408.0
960.0
1728.0
-1152.0
-1664.0
-1856.0
-1984.0
-960.0
-1472.0
-2048.0
-1408.0
-640.0
960.0
2368.0
-576.0
-640.0
576.0
576.0
1536.0
1920.0
1728.0
2176.0
1152.0
-1216.0
-2176.0
-1472.0
-1280.0
-1920.0
-1280.0
128.0
-1728.0
-2432.0
-1984.0
-832.0
128.0
832.0
-640.0
-1088.0
-1024.0
-1408.0
64.0
384.0
576.0
768.0
-832.0
768.0
1984.0
0.0
-576.0
-192.0
-192.0
-576.0
-896.0
-2688.0
-1280.0
384.0
2112.0
1152.0
64.0
-1920.0
-2176.0
-1408.0
-1152.0
1024.0
-1664.0
-1472.0
1536.0
1792.0
192.0
-128.0
256.0
-512.0
-512.0
2048.0
1984.0
1024.0
960.0
1088.0
1792.0
896.0
640.0
2304.0
2368.0
1728.0
64.0
-1024.0
-3712.0
-8512.0
-4544.0
-1536.0
-128.0
-1664.0
-1856.0
-1984.0
-3712.0
-2752.0
-2176.0
64.0
1792.0
64.0
640.0
960.0
2048.0
1984.0
4416.0
1920.0
1152.0
1664.0
1280.0
1984.0
1984.0
2368.0
1344.0
-768.0
-1984.0
-3136.0
-3776.0
-1280.0
-1408.0
-2048.0
-1152.0
-1920.0
-768.0
-576.0
-832.0
-576.0
-448.0
-768.0
1792.0
2240.0
1216.0
-640.0
-1408.0
-2624.0
-896.0
1344.0
448.0
640.0
1536.0
640.0
-1280.0
-768.0
-512.0
384.0
2368.0
1344.0
256.0
-1152.0
-1664.0
-1088.0
-1024.0
-1280.0
-2496.0
128.0
704.0
-832.0
-832.0
-832.0
-384.0
192.0
1536.0
-832.0
448.0
64.0
320.0
-64.0
320.0
-192.0
448.0
1280.0
-128.0
1152.0
1600.0
128.0
896.0
1280.0
768.0
1536.0
576.0
-832.0
-960.0
-1792.0
-3520.0
-1728.0
1088.0
512.0
-1216.0
-2240.0
-1664.0
-320.0
-896.0
-1600.0
64.0
768.0
-512.0
-960.0
-1536.0
-1728.0
-1344.0
192.0
256.0
1344.0
-320.0
-704.0
-1024.0
-256.0
-256.0
-640.0
-768.0
896.0
2304.0
1664.0
64.0
-1856.0
-448.0
-960.0
-1600.0
576.0
704.0
-704.0
-512.0
-1344.0
-1664.0
-512.0
1216.0
1856.0
576.0
1088.0
832.0
-1408.0
-2112.0
-1792.0
-2304.0
-6720.0
-1984.0
-2304.0
-1408.0
1408.0
704.0
-192.0
832.0
-1152.0
-1856.0
-1536.0
-832.0
-320.0
-1344.0
-1024.0
-256.0
768.0
-576.0
512.0
64.0
-1728.0
-1600.0
-576.0
-1344.0
-1216.0
64.0
1472.0
1024.0
960.0
1792.0
1088.0
448.0
0.0
-1088.0
512.0
768.0
-448.0
-704.0
-960.0
-1216.0
-2240.0
-3776.0
-4032.0
-1024.0
-1152.0
-2432.0
-4288.0
-512.0
512.0
-1024.0
-1280.0
1600.0
1792.0
448.0
-640.0
256.0
1472.0
1024.0
576.0
704.0
1408.0
1024.0
1408.0
960.0
448.0
-448.0
-1856.0
-1664.0
-640.0
448.0
-1664.0
832.0
2944.0
-384.0
-1280.0
-2240.0
-2304.0
-1088.0
2048.0
1728.0
896.0
640.0
-384.0
-384.0
448.0
2240.0
2496.0
3072.0
2944.0
3776.0
2368.0
1408.0
640.0
256.0
-1408.0
256.0
-4480.0
-5824.0
-3328.0
-2560.0
-1856.0
-2624.0
-6784.0
-8832.0
192.0
1984.0
4928.0
5312.0
7168.0
2176.0
1920.0
6272.0
-1024.0
-1920.0
384.0
768.0
-1152.0
512.0
256.0
-320.0
2368.0
1856.0
448.0
192.0
-2112.0
-3136.0
-1728.0
-1344.0
-7168.0
-6144.0
1216.0
3968.0
1408.0
-3456.0
256.0
64.0
576.0
-320.0
-1408.0
192.0
-960.0
-256.0
0.0
-448.0
1152.0
-320.0
-768.0
-448.0
-1280.0
-768.0
-3200.0
-7360.0
1536.0
1472.0
1920.0
2368.0
2240.0
640.0
2432.0
3904.0
-192.0
1408.0
1344.0
1152.0
896.0
192.0
576.0
512.0
-1728.0
-1280.0
-448.0
-320.0
-4096.0
-4864.0
-3072.0
-2944.0
-384.0
-64.0
1536.0
960.0
960.0
1920.0
2112.0
4224.0
1216.0
1280.0
1728.0
2560.0
2432.0
2496.0
1088.0
1088.0
192.0
-2688.0
-704.0
-448.0
-832.0
-1536.0
-1344.0
-512.0
576.0
1856.0
1856.0
512.0
256.0
-128.0
-448.0
-1152.0
-1408.0
-960.0
-1664.0
-3648.0
-19264.0
2176.0
5504.0
448.0
-512.0
3200.0
3200.0
-896.0
64.0
-1536.0
320.0
128.0
1344.0
-1344.0
-768.0
384.0
1280.0
384.0
-1152.0
-2304.0
-2816.0
-3136.0
-3328.0
-4608.0
-8192.0
-5120.0
448.0
512.0
-704.0
-1856.0
3072.0
2752.0
2176.0
3008.0
2880.0
-448.0
-768.0
-1472.0
-2688.0
-2624.0
-2560.0
-1024.0
-768.0
-896.0
0.0
64.0
-256.0
576.0
-832.0
-2432.0
-2944.0
-3840.0
-1088.0
-4160.0
-3008.0
1088.0
4352.0
5248.0
5312.0
6464.0
5632.0
6592.0
7552.0
5632.0
4608.0
2624.0
-64.0
-1088.0
-1408.0
0.0
128.0
-832.0
-320.0
512.0
0.0
-1984.0
-4288.0
-4800.0
-4288.0
-3008.0
-1728.0
-2304.0
-3392.0
-1344.0
4032.0
5120.0
-704.0
4480.0
3072.0
-3136.0
-512.0
-256.0
-768.0
1984.0
1408.0
256.0
320.0
1152.0
-320.0
640.0
448.0
-64.0
512.0
-384.0
-192.0
-128.0
-1408.0
0.0
128.0
1984.0
960.0
-1216.0
-5120.0
-12544.0
-1920.0
-4928.0
-1920.0
-4480.0
-4736.0
-1344.0
-576.0
128.0
-384.0
-256.0
-256.0
-2112.0
-1984.0
-2304.0
-2432.0
-1472.0
1600.0
576.0
-448.0
960.0
2112.0
960.0
1920.0
1216.0
2752.0
4608.0
2240.0
3072.0
3904.0
3072.0
832.0
256.0
-1088.0
-2304.0
-6144.0
-5760.0
-4288.0
-7360.0
1088.0
2496.0
768.0
960.0
128.0
256.0
1472.0
1344.0
2368.0
1344.0
448.0
128.0
-64.0
-960.0
-2048.0
-3136.0
-2560.0
-2944.0
-4736.0
-1856.0
3328.0
640.0
-320.0
1856.0
4800.0
1280.0
448.0
-3200.0
-1216.0
-1728.0
3264.0
2048.0
-1920.0
-2368.0
-1728.0
-1728.0
-192.0
64.0
-320.0
1152.0
-448.0
-640.0
-448.0
-128.0
1856.0
1024.0
-128.0
-960.0
-13760.0
-4480.0
3712.0
704.0
832.0
-128.0
1344.0
2816.0
2560.0
448.0
1792.0
1856.0
3136.0
2176.0
1728.0
2112.0
1664.0
704.0
1152.0
832.0
-320.0
-1664.0
-9024.0
-2688.0
-2112.0
-1024.0
768.0
-960.0
-1024.0
832.0
-704.0
-1216.0
-1024.0
-768.0
-192.0
-384.0
-1472.0
-2496.0
-2368.0
-640.0
704.0
1984.0
256.0
-2112.0
3008.0
4352.0
-1088.0
1856.0
2048.0
1728.0
2880.0
576.0
-1664.0
-960.0
-960.0
-1600.0
-1344.0
-1152.0
-2688.0
-8000.0
-13504.0
0.0
4224.0
-768.0
-512.0
960.0
320.0
1088.0
64.0
768.0
1408.0
-192.0
-1792.0
-896.0
0.0
1856.0
1344.0
3200.0
2048.0
1664.0
1344.0
3904.0
2240.0
3584.0
2880.0
-64.0
-1600.0
-2944.0
-4736.0
-3904.0
-5184.0
-5120.0
-7168.0
-2176.0
-192.0
1152.0
896.0
-640.0
64.0
2688.0
1216.0
3648.0
1792.0
-128.0
-64.0
448.0
-320.0
320.0
-896.0
-2304.0
-3456.0
-2752.0
-9472.0
1728.0
1088.0
-4224.0
-256.0
5120.0
384.0
1984.0
832.0
-1600.0
-1664.0
-2432.0
0.0
-320.0
3776.0
3648.0
704.0
-64.0
1024.0
-1152.0
-1472.0
-1920.0
-2624.0
-9344.0
128.0
-2880.0
-2496.0
-2048.0
-2432.0
1088.0
192.0
1152.0
2048.0
5696.0
4032.0
-896.0
448.0
1024.0
64.0
128.0
448.0
1600.0
896.0
896.0
-64.0
-320.0
-1536.0
-3520.0
-5952.0
64.0
-448.0
-1728.0
-3136.0
-1600.0
-960.0
-256.0
-640.0
-192.0
-576.0
-448.0
-2496.0
-1600.0
-1088.0
-704.0
-192.0
1600.0
2368.0
3456.0
1856.0
1472.0
3904.0
1536.0
3136.0
256.0
-64.0
640.0
-576.0
-2176.0
-2176.0
-896.0
-1472.0
-1856.0
-2240.0
-18624.0
2944.0
704.0
-320.0
256.0
768.0
-4992.0
-5824.0
-448.0
-4032.0
-3392.0
-1536.0
-384.0
-1408.0
-704.0
640.0
1344.0
3584.0
3776.0
2752.0
832.0
2048.0
1536.0
2304.0
2880.0
1472.0
-3328.0
-6336.0
-832.0
-1600.0
-5504.0
-6848.0
-9216.0
448.0
1280.0
1088.0
2112.0
1984.0
2048.0
2304.0
1728.0
704.0
-320.0
-640.0
128.0
384.0
64.0
-1344.0
-2624.0
-2880.0
1344.0
1856.0
-2816.0
-13632.0
-448.0
3968.0
-832.0
-2048.0
-2688.0
-640.0
-128.0
832.0
1920.0
4672.0
14080.0
3904.0
640.0
1408.0
2624.0
2112.0
1024.0
-1216.0
-1472.0
-1344.0
-64.0
-1920.0
-8320.0
768.0
2624.0
1472.0
-1472.0
-2944.0
-2688.0
64.0
384.0
1472.0
-704.0
512.0
832.0
-320.0
1088.0
2048.0
1920.0
3328.0
3776.0
2496.0
896.0
-5184.0
-4800.0
-1216.0
-1280.0
-2048.0
-2432.0
-832.0
-1344.0
-256.0
256.0
-704.0
-1024.0
-1664.0
-1280.0
1920.0
1984.0
1280.0
-128.0
-1088.0
-512.0
-1920.0
-2560.0
-4928.0
-1984.0
256.0
1152.0
256.0
832.0
-640.0
-832.0
704.0
-1344.0
-2176.0
-4864.0
-2560.0
2112.0
1856.0
2880.0
768.0
-576.0
-1024.0
-640.0
-640.0
-1280.0
-2496.0
-3392.0
-1536.0
768.0
768.0
256.0
-128.0
-1600.0
-1408.0
-320.0
-1664.0
-1408.0
256.0
-256.0
448.0
832.0
576.0
2368.0
-6016.0
-17216.0
-6720.0
-5056.0
-1728.0
-1088.0
-1472.0
832.0
1792.0
192.0
640.0
640.0
704.0
3072.0
4928.0
4608.0
3200.0
3840.0
3840.0
3712.0
3264.0
2816.0
2688.0
832.0
1216.0
-768.0
-8128.0
-384.0
1728.0
1280.0
512.0
2816.0
6208.0
256.0
-640.0
-640.0
-64.0
-3712.0
-3968.0
-4544.0
-5568.0
-3136.0
-2304.0
-832.0
-8320.0
-11904.0
-256.0
2752.0
5440.0
-2048.0
64.0
3456.0
1984.0
-256.0
-1152.0
704.0
1792.0
3200.0
2176.0
2560.0
3328.0
1984.0
704.0
-3584.0
-13952.0
-5440.0
-6272.0
-64.0
-768.0
1152.0
1152.0
2048.0
5248.0
4160.0
-128.0
128.0
7040.0
6336.0
7296.0
5696.0
3776.0
2688.0
1344.0
-3904.0
-8960.0
-14784.0
-14080.0
-6208.0
-3776.0
-2816.0
-960.0
960.0
320.0
-256.0
1280.0
2304.0
1792.0
2560.0
1472.0
1792.0
2304.0
1600.0
1600.0
1408.0
1344.0
-192.0
-64.0
0.0
-192.0
-1856.0
-1728.0
-1856.0
-1600.0
-512.0
-64.0
128.0
128.0
1088.0
768.0
1536.0
1344.0
2176.0
2816.0
832.0
-768.0
-832.0
-640.0
-1920.0
0.0
1216.0
-5696.0
-10944.0
-384.0
-768.0
-64.0
-1344.0
-1088.0
-4352.0
-4608.0
64.0
-512.0
-1472.0
-384.0
-1472.0
-1408.0
-2240.0
128.0
2240.0
1856.0
3136.0
4736.0
5504.0
4480.0
7296.0
6144.0
5312.0
8320.0
6912.0
7808.0
7360.0
9472.0
9600.0
9664.0
9216.0
7424.0
8768.0
11520.0
7040.0
1856.0
-6336.0
-3904.0
-14464.0
-2688.0
-6656.0
896.0
-2048.0
-1216.0
2240.0
3072.0
2368.0
704.0
-512.0
-31040.0
1984.0
640.0
-2880.0
1152.0
-256.0
640.0
1792.0
1152.0
3712.0
1344.0
320.0
-1408.0
-1216.0
-1344.0
-1984.0
832.0
448.0
0.0
-832.0
-1856.0
-2880.0
-2624.0
-4096.0
-5184.0
-3072.0
-1472.0
-1600.0
-448.0
256.0
384.0
2368.0
640.0
1088.0
1536.0
1408.0
2496.0
2560.0
4352.0
3648.0
4864.0
3520.0
3456.0
2688.0
384.0
0.0
1088.0
1792.0
1536.0
640.0
1856.0
-64.0
-1984.0
-1984.0
-17344.0
-4096.0
-7680.0
-7616.0
-8000.0
-4928.0
-9472.0
-7808.0
-5888.0
-11392.0
32640.0
-22912.0
-17600.0
-12928.0
-11520.0
-5376.0
-4416.0
-2752.0
-1664.0
-1920.0
-960.0
-1408.0
-64.0
-512.0
1344.0
1280.0
2240.0
-384.0
-448.0
1600.0
2560.0
2752.0
1664.0
4288.0
2368.0
3264.0
3712.0
1664.0
8384.0
4928.0
8000.0
8000.0
8256.0
15232.0
12736.0
13696.0
13696.0
12800.0
10368.0
9920.0
7360.0
10368.0
8384.0
9728.0
10688.0
6976.0
5248.0
8256.0
11328.0
10176.0
10880.0
6464.0
4608.0
2560.0
5056.0
5504.0
2112.0
3264.0
2944.0
9792.0
11008.0
7488.0
-4672.0
-832.0
-320.0
-2368.0
-3392.0
-1152.0
-1792.0
-128.0
-768.0
-3648.0
-3968.0
-3584.0
-6912.0
-6080.0
-6016.0
-5632.0
-6784.0
-6656.0
-8704.0
-8512.0
-2176.0
-128.0
-64.0
-576.0
1088.0
1024.0
1152.0
1152.0
3328.0
3136.0
896.0
-2368.0
64.0
4800.0
8448.0
8064.0
12992.0
15808.0
15360.0
18240.0
13504.0
4928.0
576.0
-4736.0
5056.0
11456.0
10880.0
12928.0
16512.0
13568.0
8832.0
6656.0
5760.0
1920.0
896.0
-2432.0
-2368.0
1920.0
1280.0
512.0
1856.0
3520.0
3968.0
3392.0
1664.0
1472.0
5248.0
5696.0
-128.0
1856.0
6016.0
4800.0
6400.0
2816.0
-448.0
4480.0
3712.0
5120.0
2176.0
704.0
1216.0
704.0
-1792.0
-1024.0
2048.0
4608.0
6528.0
5696.0
192.0
1920.0
2816.0
2688.0
1152.0
-2048.0
256.0
832.0
2496.0
4480.0
4160.0
3840.0
2944.0
5248.0
5184.0
3328.0
1152.0
-128.0
2368.0
5312.0
1472.0
1728.0
3456.0
2304.0
6080.0
5952.0
3904.0
2496.0
832.0
4096.0
5120.0
1472.0
2176.0
3008.0
6080.0
4480.0
4800.0
2944.0
2432.0
2432.0
3200.0
2176.0
-1600.0
0.0
64.0
704.0
3264.0
1920.0
4352.0
6016.0
4224.0
3776.0
1024.0
2560.0
-192.0
448.0
832.0
2368.0
1664.0
1600.0
-576.0
3200.0
4864.0
7616.0
5760.0
3136.0
4288.0
2240.0
5888.0
1472.0
1408.0
1216.0
4160.0
1984.0
2944.0
4800.0
2880.0
3264.0
5632.0
2816.0
4352.0
4480.0
4928.0
4160.0
3200.0
1984.0
576.0
1664.0
4864.0
2176.0
448.0
1536.0
0.0
2368.0
6016.0
2048.0
3136.0
4480.0
5248.0
5568.0
2688.0
2432.0
-384.0
-320.0
256.0
576.0
2816.0
1472.0
5440.0
2944.0
2240.0
2944.0
6784.0
2560.0
1088.0
1280.0
2048.0
2752.0
2240.0
2304.0
4416.0
2624.0
2432.0
2560.0
3904.0
5312.0
3904.0
1792.0
1408.0
2176.0
1472.0
1216.0
2048.0
2240.0
2816.0
3584.0
2496.0
3840.0
5888.0
4608.0
1152.0
4608.0
4608.0
2752.0
6336.0
1920.0
1216.0
-1216.0
1408.0
7360.0
1728.0
3648.0
2304.0
640.0
2240.0
4672.0
1664.0
3008.0
2496.0
1408.0
960.0
3520.0
2560.0
64.0
3648.0
4480.0
1408.0
3200.0
2944.0
2816.0
1984.0
2880.0
4416.0
2048.0
4544.0
2624.0
5696.0
3136.0
3840.0
1792.0
2880.0
2560.0
2944.0
4800.0
3584.0
4672.0
1536.0
128.0
-320.0
2688.0
2240.0
2432.0
2752.0
2112.0
1088.0
6464.0
3904.0
4416.0
3392.0
1856.0
3392.0
1664.0
2752.0
3328.0
640.0
2048.0
1280.0
2112.0
2368.0
3840.0
5376.0
2176.0
1408.0
192.0
512.0
4928.0
2624.0
4608.0
4288.0
1920.0
64.0
3072.0
4224.0
3200.0
3648.0
2880.0
2240.0
1344.0
2880.0
1216.0
3136.0
1664.0
1280.0
896.0
1280.0
3904.0
5632.0
4352.0
3520.0
3904.0
-704.0
320.0
1984.0
4928.0
3456.0
3136.0
640.0
1344.0
1984.0
4672.0
6720.0
1728.0
0.0
-256.0
-448.0
-2304.0
6272.0
4096.0
8448.0
6080.0
1024.0
704.0
1344.0
1152.0
1536.0
3264.0
640.0
1088.0
384.0
2048.0
6592.0
2048.0
3648.0
1600.0
-576.0
1792.0
-2624.0
4160.0
