17024.0
16896.0
17152.0
17472.0
17408.0
16320.0
16256.0
16384.0
16256.0
16640.0
18688.0
18496.0
17856.0
18752.0
17792.0
17216.0
16256.0
17536.0
18240.0
17024.0
16960.0
16896.0
15872.0
16064.0
16640.0
16960.0
18112.0
17536.0
18560.0
18688.0
17408.0
17472.0
17472.0
16576.0
17472.0
17088.0
16832.0
16576.0
16064.0
16320.0
17152.0
16384.0
16768.0
17152.0
17984.0
18816.0
19456.0
18816.0
16960.0
16640.0
16064.0
16704.0
17856.0
18112.0
17792.0
16640.0
17216.0
16064.0
17344.0
16576.0
17600.0
16256.0
15744.0
16448.0
18112.0
17280.0
17792.0
18304.0
16576.0
15104.0
16064.0
17152.0
18816.0
16704.0
16832.0
17152.0
16832.0
16832.0
17792.0
15936.0
15296.0
17408.0
17216.0
19136.0
16512.0
15296.0
17152.0
17088.0
14784.0
16320.0
15168.0
17024.0
18816.0
17024.0
16000.0
18240.0
16960.0
17408.0
14592.0
15360.0
17216.0
17472.0
14784.0
13248.0
16000.0
16576.0
17664.0
16768.0
17344.0
18624.0
20096.0
15424.0
16832.0
16896.0
17344.0
19840.0
17536.0
17088.0
16000.0
14272.0
14464.0
14272.0
13760.0
16064.0
15744.0
19968.0
16640.0
16576.0
18240.0
17344.0
14912.0
23168.0
18496.0
16640.0
14144.0
16960.0
15872.0
16192.0
14592.0
18432.0
16384.0
16832.0
14720.0
18048.0
20864.0
17024.0
17280.0
17664.0
15616.0
16512.0
17728.0
17152.0
13632.0
16576.0
18944.0
16448.0
15232.0
19840.0
17984.0
16704.0
18368.0
20352.0
16000.0
19008.0
14912.0
15232.0
16576.0
21568.0
15680.0
16960.0
14784.0
15104.0
16000.0
17216.0
16576.0
16704.0
16064.0
12416.0
16832.0
14272.0
20864.0
15808.0
15744.0
18112.0
15872.0
11392.0
16192.0
16576.0
19584.0
13824.0
16960.0
16192.0
17344.0
18240.0
23616.0
14016.0
13824.0
14784.0
18560.0
16064.0
14592.0
21184.0
19584.0
20992.0
19712.0
12992.0
20224.0
20224.0
13696.0
15424.0
16448.0
16064.0
8960.0
10880.0
16640.0
12480.0
12800.0
16448.0
26176.0
21632.0
24192.0
15872.0
20416.0
19712.0
20544.0
19392.0
22208.0
22080.0
23040.0
12544.0
14528.0
17472.0
24768.0
15936.0
14976.0
12992.0
14592.0
16192.0
9728.0
23296.0
11456.0
13760.0
10304.0
8000.0
23168.0
9152.0
11264.0
16256.0
20352.0
12096.0
18624.0
13248.0
9856.0
20736.0
12544.0
14528.0
22208.0
5824.0
15040.0
15616.0
5760.0
16320.0
15168.0
9536.0
9920.0
13120.0
6400.0
14976.0
16960.0
9600.0
23296.0
15424.0
9856.0
12736.0
16064.0
10304.0
13184.0
17408.0
8320.0
5760.0
16448.0
18432.0
11392.0
16512.0
11648.0
12800.0
11776.0
17088.0
16384.0
8896.0
10496.0
9920.0
17152.0
8384.0
9792.0
23104.0
10432.0
21696.0
8448.0
12608.0
11392.0
13568.0
17280.0
16448.0
18688.0
16192.0
14336.0
8064.0
10432.0
15616.0
4928.0
14784.0
20544.0
24512.0
14912.0
14336.0
20928.0
22912.0
23424.0
24512.0
14528.0
20416.0
19136.0
16384.0
20480.0
19712.0
17024.0
13440.0
12544.0
18496.0
9920.0
13952.0
8576.0
12736.0
15488.0
3008.0
1408.0
14272.0
8448.0
21824.0
9600.0
23488.0
19520.0
13056.0
19776.0
14656.0
10432.0
6592.0
22528.0
17920.0
14592.0
15296.0
14272.0
22528.0
14976.0
9664.0
18112.0
14272.0
14592.0
15808.0
12608.0
15616.0
15424.0
20544.0
11456.0
10688.0
9408.0
16064.0
21056.0
9664.0
10432.0
18048.0
10816.0
21824.0
20544.0
8768.0
3520.0
21312.0
22720.0
7296.0
21056.0
11584.0
24128.0
9472.0
8000.0
8960.0
12672.0
19904.0
13696.0
21504.0
22208.0
15680.0
8064.0
11648.0
7360.0
1920.0
12928.0
14080.0
10752.0
10368.0
20608.0
21248.0
25728.0
19648.0
14272.0
19904.0
17792.0
23168.0
19840.0
20608.0
12096.0
9216.0
5248.0
12160.0
192.0
11456.0
22784.0
9984.0
6976.0
7744.0
19520.0
9344.0
11072.0
9152.0
17152.0
12352.0
10112.0
-896.0
9664.0
24896.0
23104.0
28160.0
8960.0
1280.0
16064.0
20992.0
16768.0
27968.0
11008.0
14208.0
15296.0
1472.0
13504.0
27392.0
15104.0
6080.0
12096.0
24000.0
25088.0
10112.0
10368.0
18048.0
21568.0
24576.0
4224.0
15552.0
10688.0
12352.0
11456.0
7680.0
14784.0
16000.0
9408.0
3136.0
11200.0
16512.0
17344.0
18688.0
11008.0
9152.0
18624.0
9280.0
12480.0
18560.0
14528.0
11712.0
9792.0
15744.0
20864.0
17280.0
13568.0
19072.0
9216.0
20608.0
18752.0
13888.0
18368.0
13376.0
-3264.0
12480.0
13952.0
5632.0
12096.0
15488.0
6208.0
-11520.0
704.0
14720.0
6720.0
5440.0
13824.0
13696.0
19072.0
18944.0
4544.0
21504.0
21568.0
18560.0
17472.0
21760.0
1408.0
13312.0
27712.0
11136.0
16256.0
9408.0
2816.0
17664.0
16256.0
4928.0
13312.0
15104.0
11840.0
17088.0
16064.0
19776.0
20544.0
12800.0
10240.0
24448.0
3520.0
18944.0
13696.0
8448.0
19904.0
23808.0
20800.0
16384.0
16704.0
19008.0
18048.0
18048.0
21248.0
14528.0
24192.0
25344.0
27200.0
-1472.0
11328.0
12480.0
8960.0
22336.0
16448.0
21760.0
18240.0
13376.0
8960.0
8512.0
21056.0
16000.0
10752.0
19328.0
22016.0
10624.0
13824.0
10560.0
12672.0
8448.0
27456.0
15040.0
17344.0
16256.0
12992.0
12608.0
16768.0
10688.0
14720.0
8704.0
3712.0
18752.0
11328.0
7808.0
18304.0
18048.0
17792.0
23488.0
19968.0
20864.0
9536.0
11904.0
18496.0
20416.0
19328.0
9728.0
14464.0
16576.0
13696.0
18304.0
18752.0
25088.0
7104.0
3264.0
5120.0
5312.0
13312.0
3072.0
11648.0
9280.0
7808.0
20224.0
9856.0
-2624.0
17664.0
192.0
11712.0
20608.0
25216.0
15680.0
1600.0
6592.0
13056.0
28160.0
30464.0
24640.0
20672.0
17152.0
23232.0
15232.0
5888.0
4160.0
20032.0
6464.0
10880.0
17984.0
11584.0
4288.0
15488.0
19520.0
22464.0
30528.0
17088.0
11712.0
2112.0
18944.0
17600.0
10240.0
20480.0
10624.0
7808.0
15296.0
11456.0
8704.0
11776.0
9792.0
13568.0
15936.0
13568.0
12224.0
14720.0
19136.0
11392.0
21888.0
22336.0
20416.0
25216.0
20416.0
18432.0
17728.0
17856.0
14400.0
20352.0
16064.0
11968.0
15808.0
10560.0
-832.0
12608.0
7872.0
19456.0
5120.0
21184.0
10752.0
17152.0
21504.0
10624.0
20736.0
23040.0
15296.0
16256.0
25088.0
19264.0
14336.0
15680.0
17024.0
9216.0
13440.0
7552.0
11008.0
10560.0
10752.0
11072.0
11776.0
15488.0
22464.0
8448.0
9088.0
14080.0
10240.0
8896.0
11520.0
14080.0
3328.0
23488.0
11520.0
11712.0
14784.0
19776.0
5696.0
16064.0
20800.0
15104.0
14656.0
21824.0
10944.0
12672.0
19456.0
17664.0
21568.0
10304.0
17024.0
11072.0
17984.0
13760.0
15680.0
17664.0
26560.0
19328.0
22592.0
16064.0
21632.0
17088.0
17984.0
23104.0
17024.0
16768.0
10112.0
9792.0
15872.0
16576.0
9664.0
9920.0
9984.0
5952.0
14912.0
12352.0
7744.0
20160.0
18304.0
11904.0
22912.0
19072.0
10624.0
6464.0
17536.0
576.0
11392.0
23488.0
14400.0
10240.0
27392.0
4928.0
12736.0
16000.0
11520.0
11200.0
13504.0
15936.0
17408.0
19456.0
22272.0
18944.0
13632.0
21376.0
30016.0
16576.0
13760.0
15424.0
22848.0
11200.0
9600.0
16256.0
7936.0
6848.0
22784.0
8640.0
21568.0
10368.0
10304.0
3904.0
7296.0
14272.0
13056.0
3904.0
13888.0
5312.0
14784.0
27840.0
24192.0
32000.0
21824.0
20032.0
12608.0
27008.0
19264.0
20480.0
19968.0
17984.0
11264.0
8896.0
15296.0
10048.0
10944.0
8384.0
5632.0
11392.0
11968.0
11968.0
16000.0
19776.0
22272.0
25408.0
31488.0
26944.0
29952.0
18176.0
16960.0
24576.0
14080.0
10688.0
-1216.0
10368.0
5504.0
-3904.0
3328.0
11328.0
21760.0
26688.0
32384.0
31616.0
20992.0
7168.0
22080.0
16576.0
3072.0
14336.0
8192.0
5952.0
9792.0
11904.0
9280.0
9984.0
14208.0
16896.0
26240.0
27456.0
32256.0
27968.0
28736.0
20480.0
21952.0
17600.0
16320.0
19136.0
18944.0
17664.0
10496.0
832.0
10688.0
7040.0
12288.0
12288.0
-9408.0
21760.0
8320.0
20032.0
-1984.0
28864.0
17344.0
23104.0
13376.0
17280.0
18432.0
19136.0
12352.0
25536.0
10432.0
16448.0
14016.0
15360.0
13504.0
4096.0
1536.0
17664.0
3520.0
20288.0
13504.0
9984.0
23296.0
23872.0
27968.0
23040.0
23872.0
18816.0
20736.0
14784.0
16704.0
16512.0
4608.0
10624.0
20864.0
13952.0
4736.0
9216.0
7360.0
24192.0
16384.0
18176.0
20608.0
9664.0
11904.0
11392.0
22208.0
22784.0
16256.0
14912.0
24320.0
11968.0
26176.0
15168.0
3584.0
11520.0
9536.0
2560.0
4416.0
14080.0
8448.0
14976.0
24256.0
29760.0
25088.0
24128.0
12800.0
26176.0
25728.0
22080.0
24832.0
22400.0
15296.0
14272.0
10816.0
13056.0
-2944.0
4928.0
-1600.0
-6272.0
8576.0
7168.0
-1920.0
18112.0
21376.0
7808.0
23232.0
27072.0
29312.0
24640.0
19904.0
23168.0
26624.0
16256.0
19456.0
22976.0
16832.0
16128.0
11968.0
18816.0
6080.0
7296.0
12224.0
15040.0
6144.0
18304.0
18176.0
9984.0
4736.0
9792.0
14336.0
10560.0
21376.0
18816.0
24064.0
22144.0
16064.0
10752.0
13184.0
18816.0
15680.0
10240.0
21056.0
20672.0
18240.0
18176.0
22208.0
28992.0
19968.0
25920.0
18304.0
20544.0
24256.0
17856.0
12224.0
14336.0
12032.0
8448.0
-2432.0
-576.0
-7168.0
1216.0
9728.0
4288.0
8640.0
9600.0
31808.0
12800.0
10368.0
20672.0
17152.0
19072.0
31040.0
24512.0
8960.0
13568.0
20416.0
14784.0
20736.0
17984.0
22336.0
21440.0
22016.0
13952.0
11328.0
16192.0
10048.0
12736.0
12672.0
18432.0
6016.0
14784.0
11904.0
3840.0
17024.0
24640.0
24960.0
16064.0
22720.0
20288.0
26880.0
18496.0
19584.0
17664.0
22848.0
6656.0
14272.0
6528.0
3648.0
13504.0
3904.0
9536.0
16448.0
21568.0
-5568.0
22208.0
8768.0
5376.0
17024.0
14912.0
4608.0
11968.0
3776.0
25856.0
15232.0
21312.0
10816.0
16128.0
24832.0
5888.0
24960.0
14976.0
25216.0
19520.0
28352.0
20992.0
21184.0
18240.0
28032.0
14272.0
24896.0
22208.0
15552.0
13696.0
10816.0
15232.0
2944.0
-7680.0
-4288.0
5440.0
11776.0
4224.0
12608.0
23104.0
29760.0
11328.0
22528.0
27136.0
24576.0
12992.0
10048.0
26176.0
13888.0
28288.0
27456.0
7936.0
8832.0
24384.0
20416.0
9344.0
8704.0
3456.0
2496.0
8192.0
-512.0
14144.0
4224.0
13376.0
13824.0
3712.0
16960.0
14400.0
10752.0
24640.0
28736.0
32384.0
17792.0
19520.0
384.0
12928.0
7744.0
4544.0
1728.0
20160.0
8448.0
10944.0
13632.0
14080.0
7552.0
12352.0
11456.0
13952.0
14976.0
18816.0
25664.0
28480.0
32064.0
29184.0
22464.0
19456.0
25088.0
25920.0
14720.0
14784.0
20288.0
6848.0
6592.0
5760.0
-1280.0
4992.0
4928.0
5248.0
27456.0
5760.0
19648.0
22656.0
32512.0
11264.0
31232.0
15744.0
29376.0
18240.0
29120.0
17088.0
2880.0
23616.0
18176.0
-5312.0
18944.0
23488.0
576.0
4160.0
3840.0
19072.0
10944.0
22272.0
14592.0
19136.0
19264.0
19776.0
13696.0
11456.0
2240.0
19136.0
17024.0
16768.0
12480.0
5056.0
8064.0
19072.0
7232.0
-5120.0
18688.0
11840.0
15424.0
-2560.0
26752.0
16640.0
5760.0
18176.0
14272.0
25920.0
21120.0
17920.0
15040.0
27072.0
18560.0
11008.0
19328.0
21440.0
20352.0
19840.0
6016.0
18304.0
4032.0
10112.0
12608.0
6464.0
-896.0
6208.0
5184.0
7680.0
7744.0
7488.0
15104.0
20032.0
20800.0
22976.0
27904.0
27264.0
16000.0
15040.0
17664.0
16576.0
14912.0
14848.0
17920.0
10752.0
-3968.0
128.0
-6848.0
9472.0
2944.0
-4096.0
12608.0
22848.0
8960.0
25664.0
24448.0
17280.0
12864.0
7104.0
18880.0
15488.0
16832.0
8832.0
22976.0
21568.0
16960.0
16192.0
26368.0
11776.0
9664.0
11136.0
6720.0
8512.0
17600.0
3712.0
10944.0
17536.0
18368.0
14656.0
17088.0
28480.0
27200.0
20544.0
16384.0
18816.0
10432.0
12864.0
20992.0
23424.0
13184.0
10048.0
6528.0
10880.0
16320.0
11072.0
9408.0
9344.0
10752.0
15040.0
8640.0
27328.0
27712.0
25472.0
18752.0
22016.0
15040.0
23680.0
9792.0
17216.0
17216.0
20608.0
21696.0
17600.0
12224.0
14912.0
30400.0
16064.0
15872.0
17216.0
15168.0
21504.0
17536.0
20800.0
22208.0
24832.0
23104.0
23040.0
25024.0
11520.0
3648.0
16832.0
5568.0
3136.0
128.0
-2880.0
10240.0
6400.0
7296.0
13504.0
3648.0
7104.0
17920.0
24256.0
15104.0
30656.0
20672.0
26112.0
27712.0
17664.0
19328.0
21952.0
11264.0
14208.0
15040.0
17600.0
12160.0
12544.0
9856.0
8384.0
10240.0
10880.0
8768.0
9536.0
10368.0
9920.0
7040.0
25856.0
21312.0
32384.0
24000.0
32576.0
22336.0
14528.0
13632.0
19456.0
11072.0
9856.0
7488.0
21056.0
2368.0
19712.0
14912.0
2240.0
8768.0
6016.0
1536.0
13824.0
14016.0
16128.0
24512.0
25856.0
25600.0
32128.0
30080.0
25216.0
16384.0
17664.0
12864.0
14720.0
15936.0
3520.0
1280.0
-768.0
11648.0
6272.0
6464.0
9280.0
2688.0
11008.0
8000.0
14656.0
26048.0
18560.0
22208.0
19200.0
13888.0
3328.0
22848.0
6976.0
8768.0
13056.0
5440.0
10880.0
3328.0
3776.0
12032.0
21760.0
13824.0
14528.0
22720.0
16064.0
20608.0
21376.0
20160.0
31104.0
19200.0
23552.0
22144.0
20416.0
5376.0
16832.0
11392.0
8000.0
11648.0
13504.0
15936.0
19840.0
18816.0
24064.0
21632.0
16000.0
9024.0
16768.0
9792.0
-2816.0
7104.0
-128.0
16000.0
7616.0
6912.0
16384.0
9792.0
17344.0
14592.0
22464.0
2944.0
9856.0
10112.0
-2880.0
13440.0
9216.0
11904.0
17792.0
10304.0
15680.0
25728.0
26240.0
12864.0
17664.0
20544.0
18496.0
7296.0
27264.0
9600.0
16576.0
11776.0
4096.0
-4928.0
-2368.0
-5568.0
-11392.0
-6720.0
5824.0
5248.0
9216.0
17280.0
8256.0
21312.0
22336.0
29696.0
1472.0
14272.0
17280.0
-19904.0
30528.0
-3776.0
32384.0
11392.0
4800.0
18816.0
15104.0
1408.0
2816.0
-14016.0
8576.0
10752.0
13888.0
22144.0
32576.0
30912.0
29248.0
32384.0
20224.0
12224.0
21632.0
12800.0
13184.0
14976.0
9984.0
640.0
256.0
-7872.0
-6976.0
-64.0
5504.0
4416.0
8448.0
29184.0
28352.0
-2816.0
24128.0
8960.0
-8256.0
11008.0
-5056.0
8064.0
-16128.0
-24512.0
-5504.0
-10112.0
-768.0
20224.0
18240.0
1920.0
22080.0
13184.0
21440.0
32384.0
21952.0
3136.0
30080.0
25728.0
11008.0
23168.0
5568.0
5312.0
8768.0
23168.0
8192.0
15872.0
23808.0
14592.0
10816.0
13760.0
14848.0
26432.0
12992.0
19520.0
19776.0
28480.0
20224.0
24640.0
21184.0
18112.0
18368.0
21696.0
18368.0
16960.0
13824.0
7424.0
12672.0
13760.0
3520.0
3712.0
6208.0
6528.0
24128.0
-10816.0
6848.0
17024.0
-14656.0
14656.0
17152.0
8256.0
17216.0
31232.0
14080.0
-7936.0
-704.0
22080.0
13568.0
-2944.0
25408.0
1088.0
32384.0
17152.0
192.0
16512.0
8320.0
-3904.0
2240.0
11072.0
4864.0
16896.0
4096.0
1600.0
9536.0
22912.0
-4608.0
3840.0
-4352.0
2112.0
-2240.0
21568.0
-6528.0
-6464.0
18752.0
5248.0
18112.0
12352.0
-7808.0
12416.0
8256.0
14976.0
4864.0
22720.0
22208.0
-20800.0
-3264.0
16448.0
-3072.0
2816.0
24064.0
-14144.0
17664.0
-13696.0
19392.0
-1280.0
16384.0
20992.0
29888.0
6400.0
14976.0
16832.0
26496.0
20608.0
6080.0
27008.0
18880.0
11776.0
-1984.0
20672.0
1024.0
21824.0
17088.0
13504.0
25856.0
24512.0
31936.0
23872.0
20864.0
12544.0
20672.0
18624.0
12224.0
10944.0
15552.0
6080.0
18048.0
1088.0
3328.0
11584.0
16960.0
17344.0
14656.0
18176.0
20352.0
19008.0
21568.0
10112.0
18944.0
21440.0
11968.0
3968.0
6656.0
1344.0
19584.0
6592.0
20416.0
20416.0
31680.0
30336.0
-8064.0
32384.0
11456.0
12096.0
32384.0
28992.0
20480.0
20864.0
32576.0
13888.0
32384.0
24256.0
28672.0
21696.0
12992.0
18240.0
12608.0
4928.0
15808.0
1088.0
10816.0
17728.0
1792.0
-2368.0
14016.0
-6720.0
15040.0
-5120.0
-128.0
-4800.0
17088.0
-2560.0
19968.0
23424.0
15872.0
-8512.0
-3328.0
11072.0
11456.0
-10624.0
2112.0
8448.0
-2432.0
5248.0
-16640.0
11200.0
21440.0
13248.0
18752.0
10688.0
1216.0
22016.0
24320.0
15104.0
17088.0
7168.0
-512.0
8000.0
10944.0
11968.0
25920.0
5760.0
6464.0
16832.0
19584.0
7552.0
6848.0
24768.0
-3200.0
8128.0
15680.0
23104.0
21120.0
23872.0
27264.0
27008.0
23168.0
16704.0
26432.0
21568.0
15360.0
16640.0
23616.0
20160.0
18048.0
25792.0
23360.0
11008.0
19200.0
14912.0
22656.0
8384.0
13760.0
16512.0
19264.0
9920.0
9216.0
12352.0
12864.0
9856.0
13632.0
10240.0
2688.0
7360.0
1088.0
-5888.0
1344.0
-15168.0
-19712.0
-8384.0
-5888.0
11200.0
14272.0
31936.0
26688.0
16576.0
192.0
20416.0
10688.0
11072.0
23360.0
5248.0
15808.0
11584.0
26176.0
18048.0
17728.0
18688.0
21568.0
8768.0
11776.0
14144.0
14528.0
18496.0
8000.0
-832.0
15616.0
3712.0
16064.0
7424.0
11968.0
17984.0
9728.0
18432.0
21824.0
23360.0
13952.0
10752.0
10112.0
18880.0
23552.0
7616.0
16832.0
14528.0
13120.0
11072.0
20224.0
19328.0
16320.0
23104.0
10624.0
17792.0
14016.0
28096.0
13504.0
11328.0
19392.0
14144.0
7296.0
26432.0
17472.0
6720.0
8192.0
12544.0
27712.0
12096.0
6208.0
19840.0
16064.0
5824.0
7616.0
13696.0
23360.0
6272.0
16768.0
16448.0
20224.0
14400.0
21184.0
17216.0
2304.0
9280.0
14272.0
-6016.0
13696.0
20096.0
14400.0
6656.0
16768.0
9728.0
18496.0
23424.0
14080.0
17728.0
13568.0
18432.0
18688.0
17152.0
18880.0
5696.0
8640.0
20736.0
19584.0
30208.0
18240.0
17472.0
14016.0
19392.0
9472.0
23168.0
6528.0
6272.0
15616.0
19584.0
17600.0
16704.0
19840.0
18176.0
11520.0
10944.0
18752.0
11456.0
13248.0
11712.0
16704.0
18496.0
20736.0
8128.0
14272.0
9856.0
7360.0
13568.0
12288.0
12608.0
16704.0
6592.0
14016.0
9664.0
12608.0
26432.0
7360.0
16064.0
10176.0
3072.0
24256.0
17856.0
13760.0
18624.0
16704.0
13888.0
14080.0
21056.0
14336.0
15296.0
22592.0
192.0
6080.0
21760.0
20032.0
18688.0
5312.0
-1408.0
10112.0
26368.0
11648.0
14208.0
4736.0
13888.0
28096.0
12864.0
11072.0
14528.0
6208.0
12608.0
14144.0
14336.0
10240.0
5696.0
7744.0
18880.0
19968.0
6016.0
14592.0
16896.0
13120.0
15104.0
16256.0
9728.0
5248.0
24320.0
7872.0
17792.0
8192.0
4288.0
30784.0
20096.0
5376.0
14976.0
10688.0
19904.0
9088.0
20224.0
21184.0
4480.0
6976.0
20608.0
19328.0
7104.0
21888.0
10816.0
14144.0
19072.0
18624.0
7744.0
12224.0
23616.0
14400.0
16832.0
6336.0
15744.0
22464.0
11456.0
17536.0
24384.0
12864.0
20416.0
17472.0
6272.0
11264.0
12672.0
16256.0
14912.0
17472.0
19456.0
12736.0
16256.0
12032.0
15040.0
8576.0
11968.0
19136.0
13440.0
6464.0
15808.0
19456.0
6912.0
22208.0
22400.0
23040.0
25088.0
12992.0
11200.0
15168.0
12992.0
8768.0
16576.0
10560.0
4608.0
9920.0
18752.0
12352.0
18624.0
13952.0
19008.0
20992.0
21376.0
16320.0
17920.0
8320.0
6272.0
18496.0
13888.0
20992.0
16192.0
12608.0
16320.0
21824.0
4736.0
7232.0
9472.0
19520.0
18048.0
20800.0
15680.0
18240.0
20096.0
12608.0
11648.0
21952.0
22912.0
9472.0
21184.0
7808.0
2624.0
13696.0
9280.0
17280.0
24576.0
3712.0
14912.0
11136.0
12224.0
18816.0
16448.0
16896.0
19200.0
19648.0
22016.0
15232.0
21632.0
15488.0
21952.0
8064.0
10816.0
26688.0
21056.0
15680.0
24256.0
16000.0
18944.0
15872.0
11968.0
19264.0
11264.0
11456.0
18176.0
