17152.0
17216.0
17152.0
16768.0
16896.0
16768.0
17152.0
16512.0
16896.0
16960.0
16512.0
16960.0
16960.0
17728.0
18432.0
17856.0
18496.0
18752.0
18048.0
17856.0
17664.0
17024.0
16512.0
17024.0
16576.0
16640.0
16000.0
16704.0
16064.0
16960.0
17728.0
17792.0
17984.0
18048.0
18176.0
17984.0
17536.0
17152.0
16512.0
16512.0
16448.0
16192.0
15936.0
16128.0
16576.0
17664.0
17536.0
18496.0
17856.0
18496.0
18112.0
17408.0
16000.0
17472.0
15616.0
16320.0
17280.0
16704.0
17408.0
17536.0
18112.0
18752.0
17536.0
17408.0
16768.0
16320.0
16320.0
16064.0
15872.0
16640.0
16512.0
17024.0
16256.0
15680.0
16896.0
18752.0
17728.0
17728.0
18240.0
18944.0
18560.0
18432.0
16960.0
17728.0
16000.0
16768.0
17600.0
17600.0
17664.0
17280.0
16896.0
16640.0
16448.0
16512.0
15936.0
16832.0
15872.0
16576.0
16832.0
17984.0
17280.0
18880.0
17088.0
16384.0
16192.0
18624.0
17984.0
15104.0
17280.0
15488.0
17088.0
16576.0
16768.0
15872.0
17152.0
18304.0
17984.0
18432.0
18944.0
16896.0
17024.0
17216.0
15424.0
14784.0
16512.0
15936.0
15040.0
16896.0
15552.0
17152.0
15360.0
16768.0
16192.0
17856.0
20416.0
16896.0
16832.0
18112.0
16448.0
17280.0
16192.0
16576.0
17088.0
16576.0
15808.0
16064.0
17856.0
16896.0
16320.0
17408.0
17216.0
16896.0
16192.0
17664.0
16256.0
12608.0
17152.0
18752.0
18048.0
14976.0
22016.0
14528.0
20544.0
22016.0
22976.0
20160.0
16448.0
15360.0
16512.0
15936.0
15104.0
13056.0
11648.0
17856.0
13248.0
18816.0
17216.0
12544.0
20608.0
18176.0
13376.0
20416.0
15616.0
19008.0
16832.0
18816.0
14080.0
13504.0
15744.0
17984.0
12736.0
18496.0
16512.0
16768.0
20160.0
19392.0
20416.0
16960.0
19648.0
19328.0
21824.0
16000.0
15808.0
19584.0
16576.0
13184.0
13888.0
18176.0
10624.0
16960.0
14528.0
12480.0
18240.0
19584.0
19520.0
18240.0
16576.0
23616.0
15424.0
22784.0
17408.0
18176.0
19712.0
12800.0
12672.0
14528.0
14400.0
17024.0
8960.0
14656.0
15936.0
9280.0
14144.0
20992.0
16384.0
17024.0
22848.0
19456.0
18176.0
24576.0
22144.0
19648.0
14976.0
17856.0
13760.0
14656.0
18880.0
20032.0
9856.0
14400.0
13376.0
11648.0
15488.0
16192.0
16512.0
13184.0
15168.0
15552.0
13824.0
14400.0
10688.0
15168.0
16128.0
23168.0
30528.0
17792.0
21120.0
11200.0
20544.0
20800.0
17472.0
16832.0
18176.0
19008.0
20992.0
15360.0
10240.0
15488.0
20352.0
17088.0
15488.0
12736.0
17216.0
9728.0
11584.0
16832.0
10304.0
23360.0
16512.0
19904.0
13376.0
13760.0
8896.0
19904.0
10368.0
14272.0
17088.0
9024.0
10816.0
20160.0
5120.0
15168.0
17728.0
8896.0
14784.0
21184.0
13824.0
12096.0
19072.0
16320.0
14528.0
14784.0
12544.0
14784.0
18304.0
8768.0
20224.0
14784.0
15360.0
20416.0
11328.0
16064.0
13504.0
18560.0
14528.0
8896.0
15808.0
13824.0
6656.0
14400.0
22016.0
11072.0
21568.0
20608.0
18176.0
16896.0
12480.0
8768.0
7616.0
18048.0
9280.0
13824.0
13440.0
21824.0
13696.0
15808.0
14656.0
14848.0
12992.0
17856.0
22912.0
13184.0
24576.0
21312.0
21120.0
18752.0
13696.0
16896.0
23680.0
9984.0
12544.0
9984.0
10944.0
21184.0
13952.0
12416.0
8960.0
20608.0
14272.0
19392.0
15168.0
15296.0
19712.0
16576.0
19008.0
25152.0
10176.0
17792.0
15744.0
9856.0
16448.0
22144.0
7232.0
19456.0
23168.0
17664.0
16704.0
5248.0
17408.0
16896.0
26880.0
30080.0
18560.0
28416.0
5376.0
21440.0
10496.0
4224.0
18944.0
16000.0
1152.0
17152.0
20480.0
-1664.0
22016.0
20480.0
5312.0
17280.0
25024.0
4608.0
18368.0
-2240.0
13824.0
15232.0
20608.0
1728.0
13632.0
27776.0
4992.0
28352.0
8960.0
2112.0
25408.0
17792.0
-576.0
23744.0
23424.0
25152.0
11648.0
23744.0
7040.0
8448.0
22144.0
9920.0
8128.0
13696.0
8896.0
13760.0
10432.0
15488.0
19712.0
18240.0
16512.0
10944.0
16640.0
8192.0
17792.0
21056.0
17664.0
9472.0
12416.0
6336.0
14592.0
10240.0
11968.0
25664.0
24000.0
8960.0
17280.0
9664.0
17920.0
6272.0
10624.0
11200.0
15296.0
16512.0
21440.0
3328.0
3712.0
15680.0
-384.0
18944.0
27264.0
22912.0
704.0
6464.0
1472.0
26688.0
8256.0
21696.0
17088.0
8832.0
14336.0
11904.0
18624.0
3712.0
13440.0
1536.0
27456.0
16256.0
16320.0
14336.0
22016.0
21056.0
8704.0
20224.0
17920.0
14464.0
19456.0
13248.0
20416.0
12736.0
13504.0
17984.0
5696.0
13312.0
14208.0
11392.0
13120.0
-1600.0
8960.0
4928.0
17472.0
12544.0
11328.0
22144.0
9536.0
10816.0
13824.0
15744.0
17280.0
15872.0
15232.0
17280.0
20416.0
22976.0
16768.0
22272.0
13504.0
-704.0
10368.0
11072.0
8704.0
18240.0
3776.0
19584.0
8960.0
23296.0
9856.0
15296.0
3456.0
4352.0
4224.0
12224.0
-7104.0
13376.0
22912.0
8640.0
13184.0
14656.0
24768.0
640.0
27136.0
13120.0
23872.0
18368.0
22912.0
17408.0
17792.0
12800.0
23040.0
8576.0
13760.0
23936.0
6208.0
4352.0
16128.0
14848.0
17216.0
20544.0
10560.0
13312.0
19136.0
25920.0
16832.0
16448.0
7488.0
6720.0
16768.0
17088.0
6528.0
12032.0
29248.0
16896.0
9728.0
9472.0
5504.0
-11904.0
16896.0
13504.0
11072.0
17344.0
-4096.0
7744.0
15040.0
12608.0
20544.0
4096.0
9664.0
23872.0
6336.0
28800.0
13056.0
10112.0
19776.0
7744.0
9152.0
17536.0
14912.0
8256.0
11392.0
22848.0
13376.0
16000.0
11456.0
13120.0
21888.0
16896.0
13952.0
18176.0
19584.0
8704.0
6656.0
21504.0
14784.0
3072.0
9728.0
8512.0
13952.0
19328.0
19584.0
14912.0
14976.0
16512.0
18176.0
14144.0
7104.0
25216.0
14144.0
11840.0
9984.0
8768.0
22848.0
18304.0
6784.0
19136.0
21504.0
23168.0
12224.0
6144.0
8256.0
4736.0
17984.0
15360.0
13888.0
20480.0
23872.0
11776.0
7232.0
15360.0
7488.0
11136.0
11520.0
4800.0
7936.0
21504.0
12224.0
21696.0
17728.0
13376.0
10240.0
11072.0
16576.0
20288.0
13760.0
16448.0
11392.0
11328.0
13184.0
5888.0
9024.0
10432.0
10560.0
17728.0
12416.0
18560.0
27712.0
16320.0
12736.0
17024.0
19456.0
9088.0
7552.0
15680.0
12992.0
15232.0
11840.0
3968.0
4800.0
3904.0
19392.0
20288.0
10240.0
15168.0
17088.0
11840.0
12160.0
7360.0
17088.0
12416.0
17728.0
7680.0
6720.0
11968.0
14336.0
14208.0
22336.0
9408.0
19712.0
15040.0
10560.0
15232.0
16576.0
13696.0
15168.0
12480.0
12800.0
20992.0
18048.0
12544.0
3200.0
13312.0
14464.0
17984.0
18368.0
12096.0
18304.0
20288.0
17344.0
14208.0
14016.0
20672.0
12352.0
15040.0
6784.0
7488.0
7936.0
5952.0
8960.0
10240.0
7104.0
11264.0
18560.0
14592.0
192.0
14080.0
10880.0
6912.0
18944.0
15424.0
22912.0
29952.0
9984.0
18304.0
10112.0
12288.0
13632.0
13760.0
17024.0
16512.0
17152.0
23360.0
17920.0
19200.0
16384.0
17728.0
21440.0
19008.0
7936.0
12608.0
17088.0
9920.0
12736.0
15744.0
13568.0
16704.0
15936.0
17600.0
20608.0
15168.0
10944.0
22272.0
17664.0
24320.0
19008.0
8320.0
6272.0
12672.0
4160.0
22720.0
19264.0
15168.0
-4352.0
8000.0
18560.0
20032.0
5824.0
23104.0
14016.0
9920.0
22784.0
5248.0
10496.0
10112.0
13440.0
16896.0
13696.0
12608.0
17600.0
17024.0
13056.0
16320.0
16128.0
15168.0
19968.0
22528.0
24192.0
9408.0
23168.0
24384.0
20096.0
22208.0
6848.0
23552.0
15104.0
4672.0
12672.0
20992.0
11776.0
9344.0
9792.0
19072.0
7680.0
17920.0
14784.0
11648.0
18944.0
25472.0
24576.0
14528.0
20864.0
30720.0
25408.0
21632.0
17344.0
16960.0
9024.0
13824.0
8896.0
14080.0
12992.0
5312.0
4608.0
9152.0
9024.0
8960.0
23296.0
18624.0
32384.0
19584.0
17856.0
22144.0
26112.0
15744.0
29184.0
7360.0
25088.0
19584.0
10304.0
18112.0
15552.0
4224.0
10752.0
-8256.0
20224.0
10752.0
5760.0
10944.0
11904.0
11392.0
13120.0
6080.0
13056.0
15488.0
20032.0
24448.0
17280.0
25216.0
9024.0
12480.0
11456.0
14400.0
12160.0
13824.0
10240.0
17856.0
13376.0
14912.0
9792.0
18048.0
27008.0
27200.0
3392.0
20672.0
19584.0
19264.0
17920.0
17472.0
17664.0
15168.0
7168.0
7104.0
9408.0
9792.0
8576.0
18048.0
10624.0
6208.0
10624.0
23680.0
12672.0
15232.0
17664.0
9984.0
23040.0
16000.0
10368.0
8832.0
12544.0
12480.0
19584.0
16640.0
11456.0
15488.0
10112.0
16768.0
21824.0
17408.0
14528.0
15360.0
13632.0
16384.0
19520.0
17408.0
13760.0
16128.0
10304.0
2880.0
11008.0
13952.0
10880.0
11648.0
19328.0
16064.0
29120.0
23168.0
12480.0
19648.0
19136.0
11904.0
7104.0
10304.0
20416.0
5568.0
13696.0
17984.0
6464.0
15488.0
14400.0
11712.0
6976.0
13312.0
10688.0
16000.0
16320.0
14016.0
17280.0
11968.0
15616.0
14720.0
19200.0
18816.0
19328.0
20928.0
27968.0
14272.0
12288.0
18304.0
16576.0
18240.0
12736.0
15424.0
15168.0
7488.0
12160.0
12928.0
14336.0
17024.0
14272.0
12672.0
19264.0
28864.0
25472.0
9856.0
14784.0
18368.0
16768.0
19904.0
6592.0
17152.0
18880.0
23104.0
11136.0
19072.0
14016.0
6784.0
13184.0
10496.0
13248.0
16768.0
20480.0
26112.0
23488.0
13184.0
21440.0
18240.0
24320.0
13248.0
14976.0
16896.0
22336.0
15872.0
3776.0
1472.0
25664.0
18112.0
12096.0
-7872.0
12224.0
-4096.0
14656.0
22528.0
1728.0
11904.0
19584.0
13568.0
27904.0
24960.0
21824.0
12160.0
23744.0
20544.0
12160.0
19584.0
9536.0
11968.0
21440.0
14848.0
22784.0
7168.0
20032.0
13824.0
21952.0
21760.0
14336.0
15360.0
24704.0
12352.0
960.0
26624.0
512.0
832.0
11072.0
16064.0
15488.0
14528.0
23872.0
20608.0
12736.0
13440.0
10496.0
5824.0
12096.0
18880.0
18944.0
10304.0
17728.0
9792.0
9792.0
15552.0
11520.0
12736.0
8768.0
7168.0
6080.0
15808.0
14016.0
8576.0
9344.0
17728.0
24320.0
19584.0
20352.0
18432.0
17408.0
14784.0
15552.0
12992.0
13568.0
23552.0
10752.0
6720.0
6912.0
13952.0
15040.0
22272.0
30656.0
24256.0
17408.0
11264.0
24512.0
29696.0
18752.0
16000.0
24256.0
16000.0
13696.0
23680.0
6592.0
26112.0
13312.0
-1152.0
10752.0
16320.0
28352.0
19008.0
21376.0
17536.0
9152.0
20224.0
14272.0
6912.0
11264.0
6272.0
5504.0
5376.0
5760.0
18624.0
23424.0
25088.0
32384.0
22080.0
9984.0
8064.0
10048.0
18816.0
8000.0
22272.0
11520.0
3072.0
21440.0
6016.0
17984.0
15168.0
-3712.0
14144.0
9920.0
3008.0
19968.0
32512.0
11072.0
30976.0
19200.0
-2752.0
26624.0
20224.0
2304.0
22208.0
5632.0
15104.0
12224.0
6592.0
-3456.0
1344.0
5120.0
4480.0
7488.0
-2368.0
13248.0
19520.0
24640.0
22016.0
15296.0
15744.0
19200.0
8064.0
5824.0
21248.0
9728.0
10816.0
23808.0
17856.0
21248.0
18624.0
7744.0
24384.0
9536.0
29504.0
15936.0
19648.0
24064.0
13184.0
21760.0
23936.0
8064.0
8256.0
11968.0
11072.0
3968.0
6784.0
4096.0
768.0
9088.0
4352.0
20864.0
24640.0
32512.0
19392.0
25088.0
18304.0
23808.0
9088.0
16960.0
24384.0
12416.0
17472.0
17984.0
7296.0
17088.0
10176.0
2624.0
-11008.0
16832.0
19840.0
13632.0
20032.0
1472.0
9600.0
18048.0
13312.0
14592.0
24192.0
18368.0
13632.0
20672.0
19840.0
10368.0
12736.0
17728.0
13824.0
15232.0
12544.0
10048.0
10496.0
18880.0
17664.0
6784.0
7232.0
15488.0
3776.0
19136.0
27776.0
14080.0
20352.0
25920.0
19328.0
27584.0
19328.0
17024.0
17088.0
20352.0
15936.0
576.0
8064.0
3136.0
4288.0
12288.0
8000.0
17856.0
19968.0
18368.0
21056.0
14080.0
26688.0
14784.0
19904.0
13824.0
7232.0
4160.0
24064.0
18560.0
20928.0
20672.0
11328.0
-4416.0
5312.0
16896.0
-5952.0
11008.0
7360.0
17920.0
26624.0
30784.0
16768.0
20160.0
16512.0
25856.0
19136.0
26304.0
22080.0
4736.0
8640.0
16640.0
-3136.0
128.0
5504.0
-12160.0
10368.0
4416.0
5184.0
12928.0
26176.0
-5952.0
16640.0
4160.0
12608.0
5696.0
11264.0
13760.0
26688.0
15040.0
14400.0
27520.0
6912.0
20992.0
19584.0
7808.0
17600.0
23168.0
10176.0
11008.0
17728.0
5696.0
8128.0
14656.0
14464.0
11200.0
20416.0
18304.0
13760.0
22080.0
18432.0
15232.0
15104.0
15744.0
13248.0
16064.0
19136.0
8896.0
21504.0
18944.0
13632.0
20224.0
18048.0
20608.0
18240.0
19776.0
11136.0
6720.0
9664.0
17728.0
9216.0
15872.0
17216.0
16704.0
14528.0
11072.0
5120.0
20288.0
21184.0
20608.0
32576.0
28800.0
17088.0
21376.0
13696.0
6208.0
17920.0
9792.0
21376.0
11264.0
12544.0
15040.0
11008.0
15808.0
20352.0
11968.0
15488.0
21568.0
18240.0
27712.0
24384.0
15360.0
20096.0
19200.0
13888.0
11584.0
10816.0
15168.0
12544.0
9216.0
9152.0
15616.0
20544.0
10624.0
22336.0
10368.0
12160.0
14656.0
21248.0
6336.0
19456.0
7744.0
19776.0
16448.0
18240.0
7232.0
8064.0
11328.0
7936.0
8704.0
20288.0
19968.0
19840.0
23872.0
30336.0
24960.0
23616.0
21696.0
17920.0
25216.0
20608.0
21824.0
10688.0
8192.0
-704.0
-6336.0
-8000.0
-7360.0
-192.0
12544.0
5440.0
21120.0
6336.0
15488.0
32512.0
2560.0
3712.0
18944.0
-704.0
24448.0
23424.0
25856.0
5120.0
16896.0
17600.0
13120.0
23360.0
14912.0
14144.0
19200.0
5120.0
768.0
15808.0
17280.0
16960.0
17664.0
15168.0
15744.0
23616.0
24128.0
17664.0
27648.0
15680.0
28096.0
17024.0
15744.0
1216.0
384.0
14528.0
5248.0
20800.0
14848.0
11904.0
14272.0
16064.0
12544.0
9984.0
2432.0
15168.0
4480.0
6272.0
18944.0
7488.0
14720.0
20032.0
8896.0
12288.0
26560.0
20160.0
20800.0
14080.0
25536.0
14016.0
23360.0
19328.0
8704.0
23104.0
17344.0
9408.0
17984.0
6720.0
11776.0
10048.0
25024.0
29568.0
21824.0
11648.0
12736.0
20608.0
13824.0
23104.0
15872.0
19968.0
2880.0
16576.0
17088.0
6784.0
17536.0
20032.0
18496.0
25984.0
26368.0
22464.0
23424.0
14848.0
15808.0
-1856.0
8768.0
4736.0
4928.0
14592.0
15872.0
-832.0
16768.0
4288.0
11904.0
11200.0
32384.0
16064.0
4544.0
19072.0
21440.0
16000.0
29248.0
16448.0
17216.0
19520.0
16576.0
19328.0
9984.0
8640.0
12992.0
10368.0
-896.0
8704.0
-4416.0
7808.0
-6016.0
5760.0
8960.0
22528.0
16832.0
9344.0
768.0
25664.0
8256.0
17600.0
12544.0
22848.0
20672.0
4672.0
2496.0
26240.0
5888.0
-3264.0
15040.0
-13376.0
-20096.0
7744.0
11136.0
7808.0
32576.0
2304.0
32320.0
4288.0
-5824.0
192.0
28864.0
15296.0
19712.0
13824.0
17856.0
9600.0
11904.0
-2368.0
23232.0
-4992.0
8064.0
11136.0
5888.0
10496.0
29120.0
15040.0
3136.0
19520.0
18752.0
7296.0
17984.0
11136.0
12352.0
18176.0
20864.0
17216.0
12800.0
18816.0
15104.0
13888.0
14656.0
6976.0
16768.0
22848.0
28032.0
-2560.0
-9920.0
24448.0
18112.0
-12352.0
-4544.0
17664.0
16256.0
-448.0
6592.0
-8448.0
25600.0
4800.0
15168.0
-4992.0
19520.0
20864.0
10112.0
28224.0
24512.0
10816.0
14976.0
16064.0
18944.0
19200.0
12736.0
23232.0
12160.0
15744.0
10240.0
13504.0
12288.0
13504.0
19648.0
14528.0
12544.0
6912.0
11648.0
5888.0
13504.0
9856.0
7808.0
20672.0
10880.0
14208.0
13376.0
11456.0
18816.0
22528.0
9216.0
10624.0
19712.0
9344.0
10816.0
20416.0
12032.0
15168.0
20608.0
16000.0
16192.0
15680.0
12672.0
-5376.0
1408.0
20288.0
23872.0
29056.0
21568.0
11904.0
13760.0
22976.0
20224.0
21120.0
17856.0
11136.0
15168.0
19008.0
17472.0
18304.0
18752.0
16128.0
10048.0
8000.0
11328.0
6080.0
8320.0
11392.0
17664.0
31488.0
29568.0
14784.0
15040.0
16320.0
19648.0
31104.0
15936.0
13952.0
5888.0
9280.0
8576.0
6720.0
26880.0
28544.0
7488.0
12864.0
8768.0
16192.0
13056.0
30464.0
15680.0
23744.0
18048.0
10944.0
12288.0
1728.0
-3008.0
5440.0
13568.0
-1216.0
5056.0
-4160.0
2752.0
384.0
12224.0
10816.0
8256.0
9024.0
3456.0
-1664.0
8768.0
5312.0
-6848.0
9792.0
3392.0
-1024.0
768.0
2624.0
5888.0
1024.0
4928.0
8960.0
-576.0
1856.0
-10048.0
-384.0
5824.0
6656.0
4416.0
7424.0
1728.0
2816.0
9728.0
9600.0
12480.0
2240.0
16128.0
22016.0
21696.0
10752.0
21760.0
6528.0
4864.0
1088.0
12672.0
11584.0
17728.0
9856.0
28544.0
28032.0
26432.0
-1792.0
-4672.0
-3072.0
22080.0
29760.0
-14016.0
-2624.0
18880.0
30208.0
28928.0
14464.0
-11072.0
20864.0
-5312.0
30272.0
17536.0
9600.0
-2176.0
6208.0
19072.0
16832.0
6784.0
7104.0
24384.0
3392.0
7040.0
22720.0
16512.0
18752.0
13440.0
23552.0
10560.0
26880.0
18112.0
20864.0
9536.0
832.0
15936.0
20096.0
16256.0
22848.0
28352.0
5312.0
-12224.0
-384.0
22784.0
-8000.0
-8896.0
17600.0
-3328.0
20608.0
18624.0
6656.0
-6080.0
3520.0
4480.0
-64.0
9152.0
20416.0
7872.0
16128.0
10432.0
18176.0
7936.0
17792.0
14848.0
6528.0
22016.0
18176.0
-192.0
11328.0
8320.0
16064.0
15168.0
17280.0
12224.0
14528.0
20096.0
8192.0
3200.0
18752.0
6656.0
-3712.0
8640.0
18880.0
17728.0
11648.0
5760.0
8448.0
5184.0
8576.0
14976.0
23360.0
13056.0
5504.0
11264.0
14976.0
15360.0
6592.0
16320.0
16256.0
19776.0
12736.0
7296.0
17152.0
960.0
6784.0
10880.0
16448.0
9152.0
14208.0
24576.0
5056.0
22656.0
22848.0
11712.0
8448.0
5312.0
14528.0
26496.0
21376.0
6336.0
1664.0
15424.0
24128.0
18880.0
2304.0
-2624.0
8512.0
1344.0
-2176.0
14976.0
31552.0
5184.0
12480.0
-320.0
1792.0
16000.0
-3392.0
3776.0
22720.0
28352.0
8192.0
2304.0
13376.0
17600.0
19264.0
8128.0
8384.0
14720.0
31040.0
14208.0
7040.0
-1088.0
30016.0
12928.0
9536.0
5504.0
6528.0
-1856.0
9408.0
13440.0
6720.0
9728.0
13632.0
17600.0
25280.0
19648.0
13120.0
5248.0
19712.0
14912.0
24000.0
26624.0
16832.0
11200.0
1216.0
1856.0
29184.0
14784.0
1152.0
3904.0
13504.0
704.0
1152.0
12608.0
25024.0
-7616.0
10048.0
23680.0
20992.0
16704.0
-9792.0
-4928.0
-7168.0
29696.0
11648.0
1088.0
1728.0
20288.0
30144.0
19008.0
10048.0
21312.0
25792.0
11584.0
31808.0
21824.0
15744.0
576.0
4992.0
15808.0
4736.0
-6656.0
3840.0
12096.0
22720.0
23616.0
21376.0
14208.0
20864.0
12480.0
7168.0
8960.0
8000.0
11200.0
17472.0
21824.0
12224.0
18176.0
19200.0
24128.0
26240.0
24512.0
17728.0
16960.0
5632.0
10560.0
8128.0
12800.0
25664.0
26880.0
18624.0
23104.0
18880.0
5632.0
12864.0
12096.0
3136.0
14976.0
20736.0
22528.0
13696.0
24128.0
29760.0
10752.0
16832.0
19648.0
17792.0
19392.0
16896.0
12736.0
23104.0
25472.0
22848.0
7360.0
10240.0
15232.0
12736.0
12672.0
10176.0
7936.0
17600.0
19776.0
18560.0
9920.0
13056.0
12224.0
18624.0
15296.0
21632.0
24512.0
17600.0
6272.0
10944.0
19904.0
13184.0
12672.0
17088.0
4224.0
11328.0
21504.0
23232.0
11392.0
17600.0
9408.0
9664.0
8000.0
4928.0
10496.0
10944.0
9984.0
24192.0
13248.0
18944.0
20160.0
13632.0
15296.0
15872.0
25216.0
14656.0
16000.0
30144.0
23424.0
20608.0
13568.0
21440.0
12160.0
18368.0
17856.0
9728.0
14080.0
15808.0
11456.0
14656.0
8064.0
12864.0
20480.0
14400.0
15680.0
13312.0
11392.0
5568.0
12032.0
12608.0
7552.0
4608.0
12928.0
13888.0
13184.0
14080.0
20928.0
13824.0
