64.0
-64.0
64.0
-384.0
-192.0
-192.0
-320.0
-192.0
0.0
0.0
0.0
-384.0
-576.0
-448.0
-576.0
64.0
448.0
640.0
704.0
832.0
-128.0
-256.0
-192.0
0.0
-64.0
0.0
-256.0
-512.0
-448.0
-640.0
-320.0
-384.0
-320.0
64.0
192.0
448.0
192.0
-128.0
64.0
128.0
0.0
-576.0
-704.0
-1344.0
-768.0
0.0
576.0
-64.0
-128.0
512.0
832.0
448.0
256.0
-192.0
-640.0
256.0
320.0
-576.0
-960.0
-512.0
128.0
320.0
256.0
-320.0
-128.0
-128.0
192.0
-64.0
-576.0
-384.0
512.0
640.0
-448.0
-1024.0
-1088.0
576.0
-640.0
-1152.0
-832.0
192.0
1280.0
1344.0
-128.0
-832.0
-128.0
0.0
-448.0
-320.0
-192.0
320.0
128.0
320.0
-256.0
-576.0
320.0
320.0
-192.0
-640.0
-576.0
-128.0
-64.0
384.0
-128.0
-1408.0
-1152.0
960.0
1152.0
256.0
-768.0
-1280.0
-512.0
768.0
-320.0
-1472.0
-1600.0
512.0
2048.0
1408.0
-64.0
-448.0
-320.0
192.0
0.0
-1088.0
-448.0
512.0
128.0
-1088.0
-512.0
512.0
-64.0
-704.0
-1536.0
-384.0
896.0
320.0
-832.0
192.0
0.0
-448.0
-1472.0
-384.0
1600.0
320.0
-1024.0
128.0
1024.0
128.0
-768.0
1024.0
1536.0
-128.0
-320.0
1024.0
448.0
-1536.0
-1920.0
-640.0
-448.0
-768.0
1024.0
768.0
576.0
960.0
448.0
-1600.0
-1088.0
832.0
1472.0
2112.0
640.0
192.0
448.0
-832.0
-1472.0
-2112.0
-1024.0
0.0
-128.0
1536.0
1856.0
832.0
448.0
1344.0
1664.0
704.0
-448.0
-1088.0
-960.0
-640.0
-576.0
-1344.0
-896.0
-128.0
-832.0
384.0
192.0
-192.0
-1920.0
-2240.0
-2240.0
-1664.0
256.0
896.0
1024.0
1600.0
1792.0
2368.0
832.0
-1216.0
-1216.0
0.0
448.0
704.0
896.0
-64.0
-1472.0
-1856.0
-2752.0
-3968.0
-2816.0
-1600.0
-1152.0
768.0
1408.0
1856.0
1152.0
832.0
832.0
256.0
-64.0
-320.0
448.0
192.0
768.0
-512.0
128.0
1600.0
1088.0
768.0
-1664.0
-1728.0
-384.0
1152.0
1408.0
1600.0
448.0
1088.0
64.0
-512.0
192.0
-128.0
0.0
512.0
1344.0
1344.0
192.0
-128.0
-960.0
-1664.0
-1920.0
-2432.0
-1536.0
-2304.0
-4416.0
-2304.0
-1088.0
64.0
1792.0
1280.0
768.0
448.0
1536.0
1600.0
1408.0
1600.0
704.0
-768.0
-192.0
704.0
-832.0
192.0
640.0
768.0
-1792.0
-1984.0
-1152.0
-1024.0
-1024.0
-704.0
-1088.0
1344.0
1536.0
-576.0
832.0
64.0
-448.0
1024.0
704.0
-256.0
128.0
-128.0
-768.0
-320.0
-1600.0
-1856.0
-64.0
768.0
-128.0
0.0
384.0
128.0
-448.0
-704.0
-896.0
-512.0
-192.0
192.0
1600.0
1344.0
448.0
1920.0
1344.0
-704.0
-832.0
832.0
768.0
-320.0
64.0
-832.0
576.0
1408.0
1536.0
960.0
640.0
-64.0
-896.0
-1088.0
-1216.0
-1024.0
-128.0
768.0
256.0
-1152.0
-1920.0
-1280.0
-1728.0
-2112.0
-1856.0
-192.0
2432.0
1920.0
3136.0
2048.0
-1088.0
-1408.0
448.0
1984.0
1024.0
576.0
-768.0
-1600.0
-1408.0
256.0
2176.0
2752.0
1984.0
2112.0
3328.0
2432.0
1664.0
256.0
-960.0
-1600.0
-512.0
-128.0
1536.0
1856.0
-64.0
-576.0
128.0
-192.0
128.0
128.0
512.0
-960.0
-192.0
-128.0
576.0
-1152.0
-2240.0
-4032.0
-3136.0
-1856.0
-2048.0
-2560.0
-1984.0
256.0
576.0
1088.0
64.0
832.0
-384.0
832.0
-1344.0
-832.0
1600.0
0.0
256.0
-896.0
-960.0
-64.0
-1024.0
-1856.0
-2368.0
704.0
640.0
1024.0
384.0
-1152.0
1280.0
896.0
-896.0
320.0
1152.0
-128.0
704.0
-64.0
-576.0
-1088.0
832.0
256.0
-320.0
576.0
-448.0
128.0
1024.0
576.0
-192.0
1600.0
1152.0
-384.0
-2368.0
-2240.0
-2496.0
-1152.0
832.0
-384.0
1024.0
1024.0
1984.0
1024.0
-1152.0
-1408.0
448.0
192.0
-128.0
-704.0
-1472.0
-2304.0
-1856.0
-1920.0
-1216.0
-1984.0
-1536.0
-384.0
960.0
576.0
-256.0
-2688.0
-1856.0
-896.0
-2240.0
2304.0
1152.0
-640.0
-128.0
0.0
192.0
-448.0
-960.0
-640.0
-640.0
-704.0
-256.0
-512.0
-1088.0
1152.0
512.0
896.0
1600.0
896.0
1408.0
896.0
-128.0
-2432.0
-2560.0
-1920.0
-2112.0
192.0
-128.0
64.0
1280.0
192.0
1152.0
1920.0
640.0
-640.0
-384.0
256.0
-576.0
2112.0
448.0
1088.0
1088.0
-768.0
256.0
640.0
448.0
704.0
1856.0
1792.0
-384.0
-1472.0
-832.0
-1664.0
-2368.0
-4928.0
-3200.0
-2688.0
-2496.0
-2560.0
-768.0
-192.0
0.0
-64.0
-704.0
256.0
2304.0
1152.0
1472.0
4032.0
2368.0
2048.0
2816.0
1088.0
1920.0
3648.0
1472.0
128.0
2112.0
0.0
-2944.0
-1664.0
-1408.0
-3968.0
-3328.0
-2880.0
-2048.0
512.0
2880.0
2304.0
256.0
-576.0
1664.0
1280.0
768.0
64.0
-640.0
768.0
768.0
-896.0
-2432.0
-1856.0
-2688.0
-2240.0
-1024.0
-768.0
-960.0
-256.0
-64.0
192.0
64.0
1728.0
1024.0
192.0
1856.0
2880.0
128.0
576.0
-256.0
-896.0
704.0
-1152.0
-1024.0
-896.0
-1984.0
896.0
-320.0
-192.0
-768.0
-2048.0
-2112.0
-1024.0
-320.0
1472.0
320.0
1088.0
1664.0
1856.0
1280.0
128.0
-896.0
-1472.0
576.0
1792.0
3136.0
2368.0
192.0
896.0
3392.0
3328.0
3328.0
2048.0
1920.0
384.0
-896.0
-1280.0
-2176.0
-2880.0
-2688.0
-1536.0
-2176.0
-768.0
-64.0
-320.0
-2496.0
-3264.0
-2432.0
-192.0
-1216.0
-1216.0
-1472.0
-768.0
-256.0
-576.0
-704.0
-384.0
128.0
1536.0
2432.0
1280.0
-576.0
-1536.0
-1664.0
-256.0
1152.0
1856.0
1024.0
-1408.0
-1664.0
-192.0
-1408.0
1344.0
1280.0
2048.0
704.0
64.0
192.0
576.0
-1472.0
-1408.0
-384.0
960.0
1344.0
-640.0
-384.0
1280.0
2112.0
704.0
768.0
2048.0
1856.0
384.0
-640.0
-1408.0
-3392.0
-4416.0
-3776.0
-2688.0
192.0
2816.0
1408.0
-768.0
-1216.0
-2432.0
-1920.0
-1408.0
-704.0
1152.0
-576.0
320.0
1536.0
1920.0
-128.0
-896.0
-256.0
-896.0
-1728.0
-1536.0
-1664.0
-1088.0
-256.0
0.0
-576.0
576.0
1856.0
1856.0
-640.0
1152.0
1984.0
320.0
256.0
1664.0
4416.0
2816.0
-64.0
-896.0
-640.0
-832.0
-768.0
-1216.0
64.0
896.0
448.0
512.0
-1472.0
-3584.0
-4096.0
-3968.0
-3456.0
-3072.0
-2496.0
-2176.0
-1472.0
-1152.0
640.0
3072.0
2688.0
2368.0
4928.0
4032.0
6720.0
4544.0
-704.0
-2496.0
-2688.0
-2624.0
-2560.0
-1984.0
-2112.0
832.0
-1344.0
-1536.0
-2048.0
-2368.0
-1344.0
-1856.0
-2304.0
-896.0
1728.0
3328.0
2752.0
896.0
-640.0
128.0
1088.0
-1152.0
-1024.0
-1216.0
192.0
960.0
704.0
-64.0
-1664.0
-1088.0
2368.0
2816.0
2048.0
320.0
-768.0
-1664.0
-2368.0
-2688.0
-1536.0
-1920.0
-1856.0
-2944.0
-1856.0
-2048.0
-1920.0
-448.0
-1920.0
-1600.0
768.0
-384.0
1856.0
2112.0
4544.0
3840.0
5440.0
4288.0
384.0
-1664.0
-640.0
2048.0
2880.0
-960.0
-1792.0
-1280.0
-2240.0
-2752.0
-3136.0
-1920.0
832.0
1472.0
-2112.0
-3840.0
-2368.0
-1664.0
-2368.0
-1536.0
-384.0
-384.0
832.0
448.0
576.0
640.0
1856.0
1536.0
576.0
640.0
2240.0
2624.0
2688.0
3008.0
1088.0
0.0
-128.0
2368.0
4992.0
-1152.0
-3712.0
-2752.0
-2688.0
-2048.0
-2432.0
-1728.0
-1472.0
-1344.0
128.0
2432.0
4032.0
-192.0
-384.0
1088.0
896.0
320.0
-640.0
-2432.0
-2752.0
-2176.0
-512.0
-640.0
-640.0
0.0
-704.0
256.0
896.0
576.0
128.0
-960.0
-1024.0
-1344.0
-2176.0
-1024.0
128.0
-960.0
-1856.0
-1536.0
-2944.0
-1792.0
-1728.0
-1152.0
-192.0
768.0
576.0
1600.0
1664.0
1728.0
1664.0
2368.0
2560.0
2560.0
2432.0
2560.0
1856.0
960.0
320.0
-832.0
-2624.0
-7040.0
-1984.0
-2880.0
-704.0
832.0
1664.0
1600.0
-256.0
-576.0
896.0
1600.0
0.0
-128.0
-64.0
-384.0
320.0
1856.0
384.0
1408.0
1792.0
384.0
1088.0
64.0
384.0
1792.0
960.0
-256.0
-576.0
64.0
576.0
2560.0
2176.0
-1088.0
192.0
2176.0
1600.0
1408.0
1088.0
-1088.0
-1216.0
-960.0
256.0
1600.0
2304.0
1856.0
448.0
1088.0
1024.0
640.0
-1280.0
-2880.0
-2816.0
-2880.0
-3200.0
-2176.0
-1856.0
-1728.0
2816.0
-896.0
-768.0
512.0
2240.0
2816.0
1600.0
3200.0
2880.0
2112.0
256.0
64.0
64.0
0.0
-256.0
-1216.0
-2368.0
-2368.0
-2496.0
-2688.0
-2240.0
-2496.0
-3456.0
-3904.0
-4352.0
-4736.0
-6016.0
-7296.0
-4224.0
-2944.0
448.0
1600.0
2368.0
1280.0
1344.0
2624.0
1280.0
320.0
-576.0
-768.0
-1216.0
-1408.0
-2048.0
-4160.0
-3904.0
1088.0
832.0
4288.0
1664.0
4096.0
2816.0
1664.0
2048.0
192.0
768.0
1792.0
4672.0
3200.0
1920.0
-384.0
-1920.0
-1984.0
-2880.0
-2176.0
5248.0
6720.0
3904.0
4352.0
1472.0
1600.0
-576.0
-2304.0
-1472.0
-832.0
-4672.0
-1792.0
-2240.0
-1344.0
832.0
-576.0
-320.0
384.0
-576.0
-640.0
1536.0
320.0
2944.0
2880.0
1600.0
1600.0
768.0
640.0
-128.0
-192.0
-448.0
-1024.0
-1152.0
-1472.0
-2752.0
-4352.0
-4800.0
-1984.0
-1344.0
1408.0
1024.0
2624.0
1408.0
1472.0
-1152.0
-1792.0
-192.0
-832.0
-1536.0
-1408.0
-1536.0
-2688.0
-2304.0
-1216.0
-768.0
-2048.0
-2944.0
-3072.0
-2240.0
-1536.0
-1216.0
-1472.0
-640.0
-1088.0
0.0
256.0
1664.0
4928.0
2304.0
1792.0
960.0
1856.0
128.0
384.0
1280.0
640.0
1216.0
-1408.0
-1216.0
-320.0
1600.0
1472.0
-1152.0
-2880.0
-2048.0
-1152.0
320.0
-704.0
704.0
-896.0
-384.0
-128.0
-448.0
448.0
8192.0
1792.0
2880.0
1216.0
3648.0
2944.0
3520.0
256.0
-1344.0
-1216.0
-1280.0
-2112.0
-3456.0
-3456.0
-3136.0
-2176.0
-3008.0
-2496.0
-3392.0
-2496.0
-2368.0
-1728.0
-192.0
1280.0
960.0
1024.0
320.0
-128.0
2176.0
1664.0
1024.0
-512.0
320.0
1472.0
2560.0
-640.0
-2752.0
-2176.0
1344.0
-512.0
1152.0
-192.0
-320.0
256.0
320.0
-512.0
-448.0
832.0
2112.0
640.0
64.0
-1152.0
-3392.0
-1728.0
-3072.0
-1536.0
960.0
1344.0
-896.0
-640.0
-1984.0
-768.0
-1024.0
-1088.0
-576.0
2112.0
2048.0
1152.0
0.0
-320.0
640.0
896.0
960.0
1088.0
3904.0
768.0
832.0
704.0
1152.0
2496.0
1216.0
448.0
832.0
128.0
-384.0
1920.0
384.0
-2688.0
-3200.0
-3200.0
-3776.0
-1792.0
1664.0
2368.0
1280.0
-704.0
-704.0
-704.0
-512.0
-256.0
-192.0
2304.0
2688.0
3136.0
3968.0
3776.0
3520.0
2688.0
1792.0
1856.0
-576.0
-2688.0
-3328.0
-2560.0
-8576.0
-4096.0
-3904.0
-2048.0
-1408.0
192.0
3904.0
1920.0
704.0
2112.0
2112.0
2816.0
1216.0
1280.0
2432.0
384.0
-1152.0
-2112.0
-2624.0
-2496.0
-3136.0
-1920.0
-896.0
-1344.0
-1152.0
-2240.0
-1920.0
-832.0
832.0
4032.0
4032.0
4480.0
4992.0
3968.0
3328.0
2624.0
2688.0
1472.0
1984.0
0.0
-2112.0
-2944.0
-3264.0
-3520.0
-3264.0
-3072.0
-4160.0
-2368.0
-1856.0
-1536.0
-512.0
2368.0
2112.0
576.0
448.0
1088.0
-192.0
-768.0
512.0
1024.0
512.0
448.0
1216.0
3456.0
1984.0
-2304.0
-3200.0
-2176.0
-2496.0
-1600.0
-640.0
-896.0
-704.0
-448.0
-128.0
-64.0
-1152.0
-832.0
128.0
-704.0
960.0
3776.0
1280.0
-3264.0
-5632.0
-1536.0
-640.0
0.0
-1216.0
-1216.0
320.0
-896.0
-192.0
-192.0
1792.0
3584.0
3456.0
1920.0
2112.0
1152.0
1792.0
2880.0
256.0
-1024.0
1664.0
-1152.0
2944.0
256.0
-2880.0
-1920.0
-2112.0
-2304.0
-4928.0
-3648.0
-2816.0
384.0
4864.0
3456.0
4224.0
1984.0
1088.0
3648.0
3328.0
1088.0
-512.0
-1920.0
-1408.0
-1472.0
576.0
-384.0
-384.0
192.0
256.0
-1536.0
-1408.0
-1728.0
-1600.0
-576.0
2048.0
-320.0
-832.0
320.0
1152.0
128.0
1792.0
3008.0
1408.0
256.0
1024.0
576.0
-1664.0
-1088.0
-832.0
1792.0
896.0
-1472.0
-2112.0
-192.0
-832.0
-1536.0
-704.0
1216.0
3392.0
4288.0
-640.0
1216.0
3072.0
4544.0
7168.0
-128.0
-2048.0
-576.0
0.0
-2368.0
-1024.0
-256.0
384.0
-320.0
-1152.0
-1984.0
-832.0
-4928.0
-3264.0
-3072.0
-2432.0
-1152.0
-1664.0
-704.0
1856.0
320.0
1856.0
1152.0
-384.0
3776.0
3520.0
3392.0
2176.0
2304.0
-1536.0
-3392.0
-1728.0
-768.0
-1152.0
-576.0
128.0
768.0
512.0
64.0
512.0
960.0
1728.0
2560.0
3968.0
4864.0
4608.0
-1152.0
-5952.0
-4864.0
-4928.0
-3840.0
-2240.0
-3136.0
-2432.0
-1856.0
-448.0
1152.0
2240.0
2368.0
3136.0
3648.0
1152.0
1216.0
-384.0
2496.0
4608.0
-192.0
832.0
-1216.0
-640.0
-2048.0
-4032.0
-5888.0
-3200.0
-512.0
-448.0
1152.0
1728.0
1920.0
4608.0
6912.0
4416.0
3328.0
2624.0
128.0
4160.0
4352.0
3072.0
704.0
-1344.0
-2944.0
-2496.0
-3200.0
-4224.0
-2816.0
-3072.0
-1984.0
-3264.0
-320.0
-1152.0
-1536.0
2816.0
2560.0
2816.0
640.0
1152.0
768.0
2752.0
2048.0
1088.0
1216.0
-1088.0
-2368.0
-3200.0
-1984.0
-2304.0
-2880.0
-4224.0
-1536.0
2368.0
3840.0
2944.0
1984.0
4544.0
3840.0
2880.0
2688.0
2688.0
3008.0
4352.0
64.0
-1408.0
-960.0
-2368.0
-1856.0
-2752.0
-4160.0
-1344.0
-2240.0
-3200.0
-2944.0
-1024.0
768.0
1664.0
2240.0
1920.0
512.0
-448.0
-2752.0
-2496.0
-1536.0
-1920.0
-2496.0
-2176.0
1472.0
1728.0
1536.0
512.0
960.0
256.0
1088.0
640.0
-960.0
1152.0
1472.0
448.0
3648.0
2560.0
1280.0
-1152.0
-2816.0
-1536.0
-384.0
3520.0
1792.0
-896.0
-1088.0
-1600.0
-1600.0
-1664.0
-768.0
-1728.0
-1600.0
2880.0
2816.0
3712.0
5248.0
3584.0
3008.0
3584.0
576.0
1280.0
1344.0
2368.0
-2176.0
-512.0
-960.0
-3264.0
-3264.0
-6272.0
-14912.0
-6464.0
-4736.0
-4160.0
-2304.0
768.0
2240.0
1856.0
5824.0
8640.0
6720.0
5696.0
5184.0
3776.0
6528.0
1408.0
-448.0
960.0
3328.0
1280.0
2624.0
1984.0
2816.0
-1856.0
2688.0
-1024.0
1344.0
-768.0
-576.0
-1408.0
128.0
-1984.0
-2432.0
-1216.0
-1280.0
-512.0
-512.0
-64.0
2048.0
-128.0
-1664.0
-960.0
-1792.0
-1792.0
-1984.0
-1664.0
-1088.0
384.0
1920.0
4544.0
2880.0
1664.0
11008.0
10560.0
9536.0
1152.0
-1344.0
-4096.0
-832.0
-4544.0
-3904.0
-1024.0
-5952.0
-8576.0
-7872.0
-3136.0
-3776.0
512.0
2432.0
1856.0
3072.0
2048.0
4800.0
10112.0
8192.0
5696.0
64.0
-2816.0
-3008.0
2304.0
-1664.0
1344.0
-1216.0
1216.0
6080.0
3264.0
2624.0
-64.0
-576.0
-320.0
-4224.0
-576.0
576.0
-1024.0
1280.0
-192.0
-128.0
-704.0
320.0
320.0
-1344.0
320.0
896.0
1664.0
-1408.0
-3136.0
-1728.0
-2816.0
-4928.0
-2624.0
1600.0
3776.0
3840.0
2048.0
-3264.0
-1344.0
6592.0
6784.0
1920.0
-3456.0
-192.0
-2560.0
-832.0
-3264.0
-3008.0
-4416.0
-1920.0
832.0
1536.0
1792.0
448.0
-2624.0
-3072.0
-1728.0
-128.0
3264.0
3200.0
3904.0
2944.0
576.0
576.0
512.0
-1920.0
-6976.0
-8768.0
-5376.0
-1024.0
1408.0
-384.0
-640.0
-704.0
-1600.0
3648.0
3392.0
3712.0
512.0
-6016.0
-7296.0
1536.0
7744.0
6208.0
6208.0
384.0
-3648.0
-832.0
4928.0
2624.0
-2176.0
6464.0
3264.0
7488.0
1600.0
2688.0
3904.0
3072.0
2880.0
1344.0
1344.0
1472.0
1600.0
-576.0
64.0
-576.0
512.0
768.0
384.0
-320.0
-1920.0
-896.0
-448.0
-640.0
-1344.0
-576.0
-960.0
-960.0
-256.0
384.0
448.0
-256.0
-1472.0
-1088.0
-384.0
-768.0
64.0
-192.0
-1472.0
-1664.0
-192.0
896.0
2880.0
4096.0
-3008.0
-1152.0
-768.0
1664.0
2048.0
2432.0
-768.0
-1920.0
192.0
1792.0
3264.0
3520.0
1216.0
1536.0
192.0
896.0
-1408.0
1152.0
-192.0
-2112.0
-2880.0
-4480.0
-3584.0
-4416.0
-5184.0
-2240.0
-3328.0
-3264.0
-1344.0
-2112.0
-1216.0
128.0
832.0
-128.0
-704.0
-576.0
-768.0
1600.0
2112.0
1600.0
2240.0
4160.0
3456.0
4224.0
3840.0
4992.0
3584.0
5888.0
3072.0
3584.0
2048.0
1408.0
3904.0
3584.0
1792.0
1344.0
2176.0
576.0
960.0
-448.0
-128.0
3072.0
1408.0
-1920.0
-1344.0
1152.0
0.0
-832.0
-64.0
-896.0
-448.0
-1280.0
-2112.0
-1344.0
-1216.0
-2432.0
-3392.0
-1792.0
-2368.0
-2944.0
-2112.0
-3264.0
-2816.0
-2368.0
-2496.0
-2496.0
-2240.0
-192.0
256.0
-1024.0
-1472.0
-3136.0
-512.0
-256.0
-64.0
-384.0
320.0
1344.0
448.0
-1728.0
960.0
1792.0
-192.0
512.0
1472.0
-384.0
-320.0
320.0
0.0
448.0
1088.0
1408.0
576.0
0.0
896.0
-576.0
1856.0
896.0
1344.0
1024.0
1088.0
1664.0
-448.0
1344.0
512.0
-256.0
1024.0
1344.0
-320.0
832.0
-1600.0
256.0
-896.0
1536.0
-256.0
-512.0
-576.0
1344.0
960.0
768.0
-2432.0
-448.0
-128.0
-384.0
640.0
64.0
-704.0
-1664.0
-1088.0
-1088.0
448.0
-576.0
-960.0
320.0
256.0
1408.0
768.0
-448.0
-1024.0
1088.0
1664.0
-1600.0
-64.0
-704.0
768.0
1216.0
1536.0
-704.0
192.0
-704.0
1536.0
704.0
-1408.0
0.0
-1088.0
1024.0
-640.0
-896.0
832.0
-1920.0
-768.0
256.0
-128.0
-2048.0
-192.0
768.0
-256.0
-512.0
-64.0
-256.0
128.0
-128.0
-64.0
1152.0
-512.0
-1088.0
1856.0
-128.0
-704.0
-1280.0
1088.0
1152.0
-192.0
-1984.0
-768.0
128.0
768.0
192.0
-2176.0
320.0
448.0
1024.0
-2176.0
-3456.0
-1152.0
0.0
-832.0
-640.0
256.0
512.0
-960.0
-640.0
-1600.0
-1024.0
-768.0
-1984.0
-384.0
576.0
1792.0
-704.0
-448.0
-1728.0
-448.0
1280.0
192.0
-576.0
-1472.0
256.0
1792.0
384.0
-64.0
-1600.0
-704.0
3456.0
-1088.0
-1216.0
192.0
768.0
1984.0
2048.0
-704.0
-704.0
2496.0
1792.0
-1344.0
-1728.0
-640.0
3584.0
128.0
640.0
384.0
768.0
-256.0
448.0
-704.0
128.0
-832.0
-512.0
-768.0
-640.0
-1920.0
-1600.0
-1280.0
-960.0
-1664.0
-256.0
-640.0
-1664.0
-768.0
384.0
704.0
-704.0
-576.0
-1536.0
-384.0
768.0
-1280.0
-2048.0
-1600.0
832.0
128.0
-1600.0
-448.0
1728.0
-1472.0
-896.0
-640.0
1088.0
384.0
-1536.0
-512.0
-1024.0
1536.0
832.0
-1408.0
-704.0
0.0
320.0
-384.0
-1344.0
-320.0
1408.0
-192.0
-704.0
-1664.0
448.0
-320.0
-128.0
-384.0
-896.0
128.0
640.0
-576.0
576.0
-512.0
-768.0
-1600.0
-448.0
704.0
-704.0
-704.0
832.0
-320.0
-704.0
-1920.0
-256.0
768.0
768.0
-192.0
64.0
-1600.0
-448.0
0.0
-704.0
-384.0
1280.0
-128.0
-1280.0
-1152.0
-640.0
1728.0
1344.0
-768.0
-832.0
640.0
1728.0
