17216.0
17280.0
17344.0
17152.0
17152.0
16768.0
16768.0
16896.0
16896.0
16832.0
16512.0
16000.0
16128.0
17408.0
17024.0
17856.0
23296.0
17024.0
19008.0
20288.0
16256.0
19328.0
16256.0
16384.0
15488.0
17024.0
17792.0
15232.0
17024.0
15936.0
16320.0
18560.0
16768.0
16448.0
17152.0
16896.0
17728.0
16896.0
17408.0
16384.0
16576.0
16768.0
17792.0
18368.0
18176.0
18176.0
17344.0
16832.0
17216.0
15744.0
16000.0
16768.0
17280.0
18304.0
19200.0
16832.0
17408.0
18688.0
15808.0
15360.0
16832.0
17280.0
15936.0
15616.0
17984.0
18688.0
17088.0
18048.0
18752.0
18880.0
15744.0
16256.0
16128.0
17600.0
18688.0
18112.0
16768.0
17920.0
18688.0
16064.0
16192.0
15104.0
16384.0
14272.0
16512.0
17024.0
19136.0
15232.0
17408.0
15808.0
17664.0
17088.0
17088.0
14464.0
16640.0
16768.0
17728.0
13824.0
15296.0
16704.0
17792.0
17728.0
16192.0
20992.0
19200.0
17344.0
18432.0
18048.0
15104.0
14976.0
15040.0
18176.0
18688.0
16320.0
17152.0
16320.0
11712.0
15296.0
18048.0
14144.0
19584.0
18752.0
17344.0
16512.0
19712.0
17152.0
11968.0
19712.0
12544.0
15616.0
18496.0
15296.0
13632.0
16960.0
19648.0
23808.0
17536.0
16768.0
11648.0
13184.0
17984.0
18240.0
16640.0
15360.0
15296.0
21504.0
15872.0
19008.0
19456.0
12416.0
12992.0
19648.0
18496.0
13504.0
21632.0
17600.0
19904.0
15232.0
19392.0
21696.0
11968.0
14976.0
13824.0
15744.0
18560.0
14784.0
11904.0
17856.0
20928.0
18688.0
17024.0
14528.0
9344.0
14592.0
18560.0
17216.0
13184.0
18944.0
17344.0
20800.0
18176.0
21120.0
7104.0
18752.0
8384.0
14976.0
12480.0
11136.0
13440.0
19008.0
10752.0
22976.0
22080.0
17792.0
19776.0
17216.0
9088.0
13696.0
13632.0
13952.0
8512.0
10048.0
15040.0
11264.0
21184.0
16896.0
13376.0
13184.0
9088.0
19136.0
9856.0
13888.0
12800.0
11648.0
18816.0
26176.0
16896.0
22400.0
10048.0
21312.0
17536.0
12928.0
18816.0
15168.0
9024.0
21312.0
13248.0
17472.0
15808.0
14656.0
8704.0
4416.0
16576.0
10560.0
4480.0
18240.0
16896.0
18688.0
19648.0
19520.0
9216.0
19904.0
17152.0
9920.0
10688.0
7872.0
12800.0
18560.0
7296.0
16320.0
16448.0
17536.0
14720.0
18432.0
10432.0
8256.0
14912.0
21248.0
14720.0
21248.0
26432.0
11584.0
23552.0
16064.0
8640.0
20736.0
21120.0
24128.0
17856.0
14400.0
5760.0
4800.0
22912.0
17728.0
832.0
17344.0
27968.0
14592.0
25664.0
28096.0
16064.0
3520.0
13056.0
26304.0
17920.0
2752.0
14016.0
5504.0
12480.0
21120.0
9600.0
21952.0
12032.0
6592.0
22208.0
3584.0
14208.0
19712.0
11968.0
5184.0
25408.0
25728.0
7488.0
14336.0
24384.0
16640.0
3968.0
21632.0
23872.0
5440.0
9600.0
17792.0
6272.0
16384.0
28288.0
17856.0
14976.0
13312.0
10752.0
20416.0
13056.0
15232.0
17600.0
23424.0
23424.0
8832.0
20480.0
5440.0
14848.0
15680.0
7552.0
17920.0
17472.0
13696.0
16960.0
2624.0
18304.0
21056.0
8320.0
17408.0
14656.0
3328.0
18368.0
15872.0
20992.0
13632.0
19264.0
10816.0
9216.0
14592.0
10624.0
10368.0
7680.0
20352.0
20416.0
16448.0
16576.0
16192.0
6272.0
10624.0
24704.0
5568.0
-704.0
10432.0
4544.0
2112.0
22912.0
19520.0
23040.0
15168.0
19904.0
23424.0
23808.0
17792.0
7232.0
-1024.0
13376.0
7232.0
6016.0
20608.0
13632.0
2304.0
2432.0
16832.0
9344.0
12352.0
26240.0
21184.0
14784.0
21824.0
21312.0
24320.0
14848.0
17024.0
20416.0
12224.0
28544.0
17536.0
12096.0
14912.0
22336.0
19648.0
16384.0
21120.0
9024.0
8832.0
23104.0
3840.0
12864.0
16448.0
5376.0
15936.0
17216.0
14400.0
16128.0
27328.0
19776.0
14144.0
9280.0
1280.0
27904.0
25152.0
20032.0
22976.0
15872.0
16384.0
4672.0
5568.0
16064.0
20800.0
18368.0
25856.0
21056.0
22336.0
16448.0
17728.0
6784.0
24064.0
3968.0
19584.0
15552.0
28416.0
16320.0
27008.0
16832.0
22528.0
25024.0
8448.0
17664.0
13376.0
22528.0
13760.0
17344.0
15808.0
4544.0
19648.0
6976.0
9600.0
15168.0
16320.0
14464.0
18752.0
16384.0
18368.0
16576.0
11520.0
9664.0
6272.0
13632.0
17600.0
18560.0
19392.0
10368.0
11136.0
21248.0
22592.0
16128.0
10112.0
16256.0
10240.0
15680.0
13184.0
10944.0
22016.0
10496.0
-704.0
22848.0
8320.0
3520.0
23360.0
17216.0
21184.0
19136.0
24576.0
21376.0
24896.0
26688.0
10432.0
23680.0
17280.0
1024.0
20352.0
20672.0
8704.0
12352.0
1984.0
15168.0
17216.0
11264.0
9600.0
16128.0
9280.0
15104.0
15296.0
14080.0
7872.0
19840.0
16704.0
13952.0
17728.0
19520.0
14336.0
19072.0
20608.0
26048.0
20480.0
23360.0
23808.0
9856.0
14784.0
11520.0
2816.0
11072.0
17536.0
20160.0
6848.0
21952.0
11968.0
3520.0
24384.0
19840.0
10240.0
12864.0
18752.0
11904.0
19200.0
15616.0
18944.0
19392.0
16768.0
24000.0
18624.0
21568.0
16768.0
16448.0
22848.0
12416.0
11392.0
11328.0
12864.0
11008.0
13248.0
18496.0
18816.0
9792.0
25216.0
19712.0
21248.0
16640.0
10432.0
19840.0
21376.0
13760.0
6592.0
-576.0
9920.0
1088.0
9856.0
13696.0
8896.0
18880.0
27264.0
21376.0
20032.0
21312.0
18304.0
20288.0
11648.0
25408.0
9792.0
24192.0
10624.0
14272.0
18624.0
20416.0
3264.0
11392.0
19072.0
9216.0
19264.0
8960.0
7872.0
17024.0
23808.0
3584.0
21440.0
22784.0
9408.0
20352.0
19968.0
14208.0
29248.0
18496.0
14592.0
12224.0
19648.0
13376.0
13504.0
13056.0
12224.0
1344.0
15680.0
19584.0
22720.0
24448.0
20736.0
17920.0
28800.0
15296.0
25472.0
21184.0
16960.0
29184.0
12096.0
10688.0
14912.0
19456.0
2752.0
14208.0
20160.0
21952.0
25664.0
22208.0
1024.0
9792.0
21184.0
18176.0
13440.0
16704.0
-832.0
9792.0
15360.0
6592.0
21056.0
17856.0
11328.0
12864.0
5888.0
12416.0
13952.0
9664.0
12992.0
17664.0
16256.0
21440.0
15552.0
23104.0
25088.0
15488.0
14976.0
19456.0
14976.0
30208.0
19072.0
18944.0
4352.0
2944.0
-2304.0
256.0
12928.0
3264.0
5568.0
4672.0
11328.0
11840.0
9856.0
19008.0
26880.0
22080.0
26240.0
32384.0
10432.0
11584.0
15424.0
8704.0
17984.0
17728.0
16576.0
-1408.0
19520.0
8512.0
19328.0
22784.0
14336.0
4736.0
6720.0
18176.0
10624.0
19712.0
21056.0
7936.0
19840.0
16576.0
17216.0
15040.0
12096.0
17472.0
10944.0
20544.0
21056.0
25280.0
17280.0
22400.0
27840.0
20864.0
32256.0
15168.0
16384.0
24512.0
9664.0
3200.0
11776.0
-3136.0
-11264.0
-2176.0
-2624.0
-5568.0
11968.0
25728.0
31232.0
8640.0
32384.0
10432.0
768.0
23616.0
8832.0
9216.0
11200.0
26816.0
9664.0
27200.0
8128.0
10688.0
8448.0
20544.0
8640.0
19456.0
5696.0
6528.0
22272.0
13120.0
25792.0
15936.0
17984.0
11072.0
15680.0
25664.0
9344.0
12288.0
23552.0
19776.0
13696.0
20608.0
16896.0
21696.0
25600.0
28800.0
-64.0
5632.0
14336.0
16768.0
7168.0
24384.0
6208.0
22016.0
20096.0
10496.0
12992.0
21824.0
13632.0
-320.0
19584.0
10880.0
26560.0
16000.0
5952.0
10880.0
9472.0
13376.0
11328.0
448.0
-12416.0
8896.0
-7488.0
6208.0
26944.0
23424.0
-2816.0
18752.0
16000.0
14144.0
19200.0
-18688.0
31296.0
20672.0
1152.0
15808.0
21440.0
27328.0
15232.0
5952.0
9216.0
20608.0
8896.0
-3840.0
7296.0
-1280.0
6272.0
19584.0
4800.0
704.0
24192.0
9728.0
24064.0
27392.0
14656.0
11712.0
20224.0
24064.0
256.0
31296.0
21504.0
10432.0
24128.0
16512.0
6656.0
16192.0
19904.0
16448.0
7104.0
6592.0
6528.0
4480.0
14592.0
9408.0
9984.0
15808.0
16640.0
20672.0
9792.0
16512.0
26240.0
20032.0
21952.0
19968.0
21440.0
17216.0
30080.0
21568.0
20480.0
26560.0
19136.0
12224.0
2048.0
6720.0
6336.0
4864.0
1600.0
-3840.0
8640.0
9024.0
13952.0
17216.0
30720.0
30016.0
17856.0
22080.0
29440.0
13888.0
12672.0
6784.0
3520.0
16768.0
10944.0
5696.0
9472.0
29440.0
25280.0
13120.0
22144.0
13504.0
1664.0
26624.0
25728.0
19968.0
21696.0
6784.0
12800.0
-3712.0
18496.0
13440.0
15168.0
8000.0
21056.0
11776.0
13760.0
21952.0
13248.0
19200.0
11648.0
9088.0
12160.0
19520.0
12864.0
11904.0
24640.0
10304.0
14272.0
16064.0
26624.0
9984.0
22784.0
12992.0
3584.0
-2432.0
20672.0
24384.0
17088.0
17408.0
16768.0
24000.0
18944.0
9792.0
2880.0
10048.0
10944.0
12928.0
-2752.0
21824.0
5568.0
32384.0
26240.0
1792.0
4032.0
13312.0
7552.0
25088.0
13184.0
12800.0
11968.0
11008.0
9344.0
-7616.0
-3008.0
6080.0
6144.0
11328.0
8576.0
5952.0
17216.0
15488.0
25472.0
23040.0
21440.0
31936.0
28224.0
19520.0
9600.0
23104.0
22336.0
3264.0
7872.0
1024.0
5696.0
20160.0
13312.0
11328.0
6208.0
3520.0
1920.0
5888.0
17472.0
3776.0
13120.0
16832.0
19072.0
21248.0
24448.0
32128.0
14208.0
23808.0
17792.0
23936.0
19136.0
19648.0
14528.0
19584.0
-640.0
-5504.0
7936.0
-4864.0
-8128.0
3200.0
14208.0
22784.0
20992.0
22400.0
28096.0
30528.0
12672.0
27456.0
11200.0
30080.0
4544.0
15872.0
23168.0
6400.0
-2176.0
22592.0
19072.0
9472.0
17280.0
17024.0
11136.0
17280.0
14464.0
22080.0
12288.0
12544.0
13120.0
-320.0
8704.0
25536.0
10432.0
25280.0
7936.0
5184.0
11008.0
8576.0
28160.0
13312.0
128.0
20800.0
10112.0
4928.0
6720.0
5440.0
-1856.0
11072.0
9024.0
3648.0
19840.0
16192.0
17856.0
24384.0
19200.0
24320.0
22656.0
18496.0
30976.0
7488.0
12416.0
22016.0
4224.0
14208.0
9600.0
-2944.0
12736.0
9152.0
7232.0
32448.0
16384.0
28672.0
13184.0
15040.0
27072.0
21888.0
6656.0
17536.0
5760.0
-192.0
11968.0
10880.0
4928.0
4032.0
18176.0
3776.0
27264.0
19392.0
18752.0
20992.0
28672.0
17344.0
19200.0
19968.0
31424.0
7360.0
22848.0
19520.0
11520.0
14912.0
3904.0
128.0
19584.0
6912.0
3840.0
7552.0
3328.0
3072.0
10496.0
16000.0
13248.0
16832.0
22784.0
22656.0
29440.0
16512.0
23616.0
18048.0
26560.0
20032.0
21056.0
13824.0
13248.0
4480.0
19648.0
6272.0
17856.0
-2304.0
25664.0
8896.0
20032.0
8768.0
16064.0
8704.0
13056.0
10240.0
21568.0
4352.0
25600.0
640.0
9088.0
7232.0
19904.0
26752.0
19136.0
15168.0
1920.0
26944.0
29440.0
11328.0
-3456.0
25088.0
-25792.0
448.0
12736.0
25536.0
-704.0
7552.0
25536.0
12992.0
6592.0
20992.0
15552.0
10752.0
11584.0
11072.0
20864.0
19840.0
18688.0
22912.0
12992.0
1408.0
-1088.0
-4416.0
-6400.0
20288.0
17536.0
14784.0
22976.0
16576.0
9216.0
32000.0
20800.0
12864.0
24064.0
-4160.0
15168.0
-8064.0
16192.0
22016.0
27200.0
3840.0
30656.0
-29952.0
19200.0
-15680.0
14912.0
22720.0
-2240.0
11136.0
23616.0
-3264.0
-896.0
27584.0
9216.0
2304.0
20864.0
11328.0
6784.0
24192.0
12928.0
21312.0
10688.0
16384.0
3072.0
28032.0
20416.0
11840.0
22656.0
16448.0
19008.0
10752.0
13824.0
14784.0
22336.0
19520.0
3712.0
3648.0
17472.0
11328.0
14784.0
30080.0
11136.0
-3136.0
32576.0
27200.0
29376.0
-15360.0
30208.0
30528.0
-448.0
-3840.0
31040.0
13184.0
15296.0
24832.0
18304.0
10688.0
10432.0
512.0
17728.0
17216.0
22784.0
15552.0
19264.0
19968.0
11072.0
26240.0
31104.0
11200.0
21760.0
9728.0
8768.0
3328.0
7744.0
8576.0
6592.0
17920.0
10816.0
17664.0
1664.0
640.0
12416.0
11456.0
8320.0
8320.0
20672.0
11520.0
18368.0
21376.0
24704.0
10624.0
18944.0
23424.0
20544.0
11456.0
17536.0
19456.0
6208.0
9024.0
5248.0
-8704.0
16832.0
23168.0
25280.0
24256.0
19456.0
26240.0
28032.0
27136.0
-3840.0
16768.0
-16384.0
21248.0
30720.0
12288.0
16384.0
27328.0
5248.0
16192.0
2240.0
9344.0
10560.0
9088.0
1216.0
1280.0
9408.0
4352.0
6464.0
8960.0
18368.0
21952.0
23296.0
19008.0
21056.0
27648.0
17216.0
22784.0
12928.0
10560.0
4224.0
15552.0
17984.0
32384.0
27200.0
32448.0
6976.0
20800.0
32384.0
22400.0
9280.0
22592.0
32384.0
5312.0
17664.0
11072.0
18176.0
12224.0
8832.0
2176.0
10240.0
18240.0
18624.0
18752.0
6848.0
9280.0
13760.0
1344.0
-1600.0
3136.0
15424.0
1728.0
18432.0
6016.0
6720.0
6656.0
5760.0
8960.0
2560.0
7232.0
-256.0
-2304.0
-3072.0
4544.0
-5696.0
5760.0
64.0
1280.0
3072.0
-704.0
3008.0
-2880.0
9472.0
3968.0
-128.0
-3520.0
9280.0
-2432.0
5504.0
11712.0
8320.0
15424.0
12288.0
14208.0
9728.0
7040.0
18048.0
26112.0
23040.0
18816.0
32512.0
31488.0
24640.0
30784.0
32384.0
30016.0
29696.0
32384.0
18944.0
17280.0
16640.0
27200.0
22656.0
8640.0
18944.0
16384.0
8448.0
26624.0
12544.0
26432.0
3136.0
6336.0
10432.0
14656.0
6272.0
8320.0
8512.0
18880.0
12160.0
16192.0
6848.0
10048.0
18624.0
9728.0
6912.0
7488.0
15296.0
-2176.0
10112.0
23808.0
6720.0
8512.0
13120.0
18688.0
10048.0
23488.0
20800.0
5568.0
7744.0
26560.0
16384.0
8192.0
20928.0
6400.0
14592.0
23680.0
26368.0
6016.0
14784.0
27648.0
20032.0
24128.0
17600.0
11712.0
20288.0
12160.0
13056.0
15936.0
17728.0
25536.0
11840.0
3712.0
13440.0
13568.0
10624.0
11328.0
11584.0
7296.0
18752.0
14784.0
9408.0
8576.0
12928.0
20608.0
18176.0
4096.0
18752.0
6144.0
8576.0
15232.0
22784.0
10304.0
11328.0
3648.0
26688.0
12160.0
14528.0
24064.0
16256.0
8128.0
16000.0
23936.0
15808.0
25280.0
11648.0
17280.0
5952.0
13696.0
26880.0
1088.0
1984.0
-2688.0
384.0
31680.0
4480.0
-4352.0
30592.0
28160.0
20288.0
27904.0
26624.0
-10496.0
19776.0
31552.0
3840.0
1920.0
31744.0
-2752.0
32384.0
23616.0
26304.0
-3584.0
10752.0
32384.0
6144.0
7168.0
15360.0
4160.0
20160.0
14272.0
13824.0
9856.0
22208.0
14912.0
18624.0
9920.0
8896.0
5056.0
24704.0
20608.0
576.0
12928.0
2560.0
17344.0
5312.0
16064.0
26816.0
9984.0
16704.0
19136.0
14848.0
11840.0
11776.0
11776.0
12800.0
12480.0
23744.0
14848.0
8960.0
20736.0
25920.0
18880.0
14144.0
16704.0
24576.0
21184.0
10944.0
24128.0
31040.0
20032.0
7808.0
17024.0
29568.0
11584.0
9216.0
19392.0
10432.0
17472.0
23872.0
20672.0
22976.0
13824.0
4800.0
18432.0
4800.0
13952.0
14208.0
21696.0
13184.0
10048.0
23808.0
20544.0
15744.0
12288.0
16768.0
13952.0
18560.0
18432.0
10304.0
12288.0
17024.0
14592.0
10624.0
15040.0
15104.0
9984.0
18880.0
13952.0
23168.0
-1792.0
20224.0
17600.0
16064.0
18112.0
16384.0
14592.0
16000.0
19200.0
15808.0
29312.0
3264.0
12352.0
22784.0
10112.0
22976.0
3456.0
20416.0
16640.0
17920.0
25984.0
10880.0
4352.0
17536.0
19008.0
16384.0
14272.0
18816.0
10112.0
15360.0
4608.0
4608.0
21056.0
2112.0
13760.0
11072.0
21440.0
13120.0
11328.0
14976.0
5632.0
19392.0
12736.0
9408.0
8064.0
18752.0
1664.0
14208.0
18240.0
8064.0
12928.0
18048.0
19840.0
11840.0
17664.0
15808.0
22400.0
18368.0
19072.0
16704.0
-1088.0
15680.0
16128.0
-1280.0
29248.0
17664.0
17024.0
6208.0
27520.0
15808.0
10048.0
8704.0
11840.0
21248.0
8832.0
16832.0
6272.0
18880.0
24512.0
13312.0
11264.0
24256.0
23552.0
15424.0
25088.0
21120.0
15872.0
20096.0
4864.0
9472.0
16576.0
8448.0
13248.0
12416.0
15872.0
6784.0
25728.0
18112.0
12672.0
7104.0
12160.0
10496.0
20416.0
10176.0
9920.0
12032.0
16704.0
22464.0
12928.0
17920.0
16896.0
4992.0
14656.0
19520.0
8448.0
21952.0
13824.0
14336.0
16448.0
15488.0
19072.0
9536.0
10368.0
13568.0
5888.0
21824.0
22592.0
7424.0
13440.0
21504.0
23168.0
17792.0
17216.0
16384.0
17024.0
29760.0
20864.0
12352.0
14272.0
13248.0
15040.0
2176.0
17088.0
16640.0
16896.0
19456.0
21376.0
16064.0
24576.0
13184.0
15360.0
9664.0
18240.0
20032.0
19840.0
22016.0
6336.0
13376.0
5504.0
7232.0
10560.0
14272.0
12032.0
16384.0
10496.0
10496.0
12288.0
18112.0
6272.0
10112.0
20672.0
11520.0
26176.0
13376.0
14144.0
12352.0
19776.0
26240.0
11968.0
28096.0
16704.0
9984.0
22400.0
27520.0
6912.0
17536.0
25984.0
9856.0
22912.0
18944.0
25280.0
12096.0
18048.0
15872.0
5568.0
22400.0
24768.0
23552.0
16064.0
7872.0
6336.0
20928.0
13376.0
24576.0
9024.0
22464.0
23552.0
6848.0
6144.0
19072.0
10432.0
10240.0
15104.0
9664.0
20800.0
23360.0
8640.0
16448.0
22528.0
8960.0
19840.0
13120.0
7936.0
17344.0
16832.0
18944.0
15104.0
14976.0
20096.0
13376.0
8512.0
9920.0
22016.0
17024.0
12480.0
14656.0
15872.0
21504.0
14336.0
14464.0
9280.0
3776.0
8768.0
16768.0
9088.0
19072.0
23680.0
15872.0
14016.0
15104.0
20096.0
19200.0
20288.0
19968.0
11136.0
9536.0
26944.0
8256.0
8384.0
21312.0
10944.0
7104.0
15936.0
7808.0
9792.0
20800.0
19520.0
7104.0
18496.0
20608.0
6848.0
21952.0
10496.0
5120.0
8320.0
18432.0
18816.0
15680.0
12096.0
18368.0
3712.0
11968.0
20288.0
12992.0
16064.0
19008.0
13888.0
19904.0
25920.0
10816.0
13632.0
19648.0
18176.0
7424.0
20224.0
10880.0
17024.0
20288.0
10688.0
13504.0
14080.0
23936.0
7936.0
13504.0
6080.0
12864.0
13632.0
10560.0
15552.0
15808.0
23744.0
25536.0
4096.0
5568.0
13824.0
5120.0
8256.0
25216.0
13440.0
14464.0
15232.0
11904.0
10688.0
16128.0
23232.0
5184.0
10496.0
21376.0
15360.0
18496.0
20096.0
15424.0
12096.0
14208.0
18816.0
14528.0
17536.0
12480.0
17728.0
18944.0
12480.0
15296.0
24832.0
15040.0
7040.0
19968.0
22784.0
12352.0
13632.0
17536.0
17664.0
15296.0
10496.0
4032.0
21248.0
14080.0
17536.0
9024.0
6784.0
17088.0
32384.0
31488.0
-10752.0
9344.0
4160.0
28096.0
28032.0
8960.0
16384.0
-9216.0
14656.0
7360.0
-3840.0
13888.0
768.0
14144.0
17600.0
10496.0
23168.0
11200.0
1088.0
9728.0
2176.0
9664.0
7040.0
7808.0
15168.0
15296.0
13504.0
14080.0
19712.0
25664.0
18560.0
7168.0
18112.0
20928.0
22784.0
23488.0
26176.0
21504.0
24704.0
24768.0
26112.0
24448.0
23616.0
23936.0
23680.0
21056.0
18496.0
19648.0
19136.0
17344.0
17152.0
16384.0
13760.0
13440.0
12416.0
14208.0
14336.0
15424.0
14016.0
14336.0
14656.0
15552.0
16000.0
16512.0
18048.0
18432.0
17856.0
17344.0
16576.0
16256.0
17600.0
16768.0
17024.0
16640.0
17088.0
17024.0
16640.0
17728.0
17728.0
17024.0
17984.0
17024.0
18176.0
16960.0
18688.0
17600.0
18432.0
17088.0
17408.0
16768.0
17216.0
16448.0
16832.0
16640.0
16448.0
17216.0
16320.0
17216.0
16960.0
17344.0
16960.0
17408.0
16896.0
16768.0
17216.0
16512.0
16960.0
16640.0
16512.0
16640.0
16960.0
16960.0
16768.0
17088.0
17088.0
17216.0
17408.0
17088.0
17280.0
17280.0
17280.0
17024.0
17408.0
17472.0
17024.0
17472.0
17088.0
17216.0
17024.0
16960.0
17088.0
16832.0
17152.0
17216.0
17152.0
17152.0
17152.0
17152.0
17152.0
16768.0
16960.0
16960.0
16768.0
16576.0
16896.0
16832.0
16768.0
16896.0
16768.0
17152.0
17024.0
17408.0
17408.0
17408.0
17408.0
17344.0
17408.0
17472.0
17408.0
17408.0
17088.0
17216.0
17216.0
17024.0
17216.0
17152.0
17024.0
16960.0
16832.0
17152.0
17152.0
16832.0
16768.0
16896.0
16832.0
17152.0
16768.0
16832.0
16832.0
16768.0
16832.0
17216.0
16768.0
17152.0
